index,date,open,high,low,close,volume
0,2020/09/29 12:33:00,605.0,605.0,601.0,601.0,2.0
1,2020/09/29 13:12:00,602.1,602.1,602.0,602.0,20.0
2,2020/09/29 13:15:00,610.5,610.5,610.5,610.5,3.0
3,2020/09/29 13:23:00,610.5,610.5,610.5,610.5,3.0
4,2020/09/29 13:26:00,612.0,612.0,612.0,612.0,69.0
5,2020/09/29 13:29:00,612.0,612.0,612.0,612.0,100.0
6,2020/09/29 13:33:00,612.0,612.0,612.0,612.0,4.0
7,2020/09/29 13:41:00,612.0,612.0,612.0,612.0,41.0
8,2020/09/29 13:42:00,612.0,612.0,612.0,612.0,5.0
9,2020/09/29 13:50:00,601.0,601.0,601.0,601.0,50.0
10,2020/09/29 14:46:00,610.0,610.0,610.0,610.0,5.0
11,2020/09/29 14:56:00,610.0,610.0,610.0,610.0,3.0
12,2020/09/29 15:04:00,610.0,610.0,610.0,610.0,5.0
13,2020/09/29 15:17:00,610.0,610.0,610.0,610.0,1.0
14,2020/09/29 15:29:00,614.0,614.0,614.0,614.0,15.0
15,2020/09/30 09:31:00,613.05,613.05,613.05,613.05,1.0
16,2020/09/30 09:32:00,618.0,618.0,618.0,618.0,6.0
17,2020/09/30 09:34:00,620.95,620.95,620.95,620.95,10.0
18,2020/09/30 09:37:00,613.0,613.0,613.0,613.0,4.0
19,2020/09/30 09:51:00,613.0,613.0,613.0,613.0,4.0
20,2020/09/30 10:10:00,613.05,621.0,613.05,613.05,11.0
21,2020/09/30 10:19:00,616.0,619.0,614.05,616.0,20.0
22,2020/09/30 11:56:00,616.6,616.6,616.6,616.6,1.0
23,2020/09/30 11:57:00,615.0,615.0,615.0,615.0,5.0
24,2020/09/30 12:16:00,615.0,615.0,615.0,615.0,11.0
25,2020/09/30 12:24:00,616.6,616.6,616.6,616.6,5.0
26,2020/09/30 12:41:00,616.9,616.9,616.9,616.9,4.0
27,2020/09/30 12:45:00,616.9,616.9,616.9,616.9,21.0
28,2020/09/30 13:38:00,615.5,618.0,615.5,618.0,6.0
29,2020/09/30 14:20:00,616.0,616.0,616.0,616.0,5.0
30,2020/09/30 14:24:00,616.0,616.0,616.0,616.0,6.0
31,2020/09/30 14:25:00,618.5,618.5,618.5,618.5,7.0
32,2020/09/30 14:26:00,619.5,619.5,619.5,619.5,23.0
33,2020/09/30 14:27:00,619.5,619.5,619.5,619.5,3.0
34,2020/09/30 14:31:00,622.0,628.7,622.0,628.7,8.0
35,2020/09/30 14:33:00,622.25,628.7,622.25,628.7,21.0
36,2020/09/30 14:36:00,628.0,628.0,628.0,628.0,22.0
37,2020/09/30 14:37:00,629.0,629.0,625.55,625.55,12.0
38,2020/09/30 14:38:00,630.0,631.0,630.0,631.0,30.0
39,2020/09/30 14:41:00,620.15,673.85,620.15,645.65,1290.0
40,2020/09/30 14:42:00,650.0,650.0,645.65,645.65,50.0
41,2020/09/30 14:43:00,660.0,665.05,660.0,665.05,29.0
42,2020/09/30 14:44:00,660.0,660.0,660.0,660.0,39.0
43,2020/09/30 14:45:00,651.0,651.0,651.0,651.0,27.0
44,2020/09/30 14:46:00,651.0,651.0,650.0,650.0,136.0
45,2020/09/30 14:47:00,650.0,650.0,650.0,650.0,3.0
46,2020/09/30 14:49:00,640.0,640.0,640.0,640.0,7.0
47,2020/09/30 14:50:00,645.0,645.0,645.0,645.0,80.0
48,2020/09/30 14:51:00,640.3,640.3,640.3,640.3,2.0
49,2020/09/30 14:52:00,654.9,654.9,654.9,654.9,9.0
50,2020/09/30 14:54:00,652.95,652.95,652.95,652.95,5.0
51,2020/09/30 14:56:00,652.95,652.95,652.95,652.95,7.0
52,2020/09/30 14:58:00,640.3,640.3,640.3,640.3,1.0
53,2020/09/30 15:02:00,645.0,645.15,645.0,645.15,14.0
54,2020/09/30 15:04:00,649.95,650.0,645.05,645.05,24.0
55,2020/09/30 15:06:00,645.15,645.15,645.15,645.15,3.0
56,2020/09/30 15:18:00,651.95,655.0,651.95,655.0,353.0
57,2020/09/30 15:20:00,655.0,655.0,647.0,647.0,29.0
58,2020/09/30 15:23:00,647.0,657.0,647.0,657.0,237.0
59,2020/09/30 15:25:00,678.0,678.0,650.0,660.55,1051.0
60,2020/09/30 15:27:00,669.95,669.95,669.95,669.95,8.0
61,2020/09/30 15:28:00,650.0,655.0,650.0,655.0,82.0
62,2020/09/30 15:29:00,650.5,650.5,650.0,650.0,111.0
63,2020/10/01 09:15:00,640.0,680.0,640.0,680.0,90.0
64,2020/10/01 09:16:00,674.05,674.05,674.05,674.05,8.0
65,2020/10/01 09:17:00,674.0,674.0,674.0,674.0,80.0
66,2020/10/01 09:18:00,678.0,678.0,678.0,678.0,50.0
67,2020/10/01 09:19:00,645.05,645.05,645.05,645.05,10.0
68,2020/10/01 09:21:00,657.95,668.0,657.95,668.0,13.0
69,2020/10/01 09:22:00,661.95,673.65,661.95,673.65,11.0
70,2020/10/01 09:24:00,655.05,655.05,655.05,655.05,2.0
71,2020/10/01 09:27:00,673.2,673.2,673.2,673.2,14.0
72,2020/10/01 09:30:00,660.0,669.95,660.0,669.95,73.0
73,2020/10/01 09:37:00,655.0,655.0,655.0,655.0,3.0
74,2020/10/01 09:38:00,655.0,655.0,655.0,655.0,24.0
75,2020/10/01 09:41:00,660.0,660.0,660.0,660.0,3.0
76,2020/10/01 09:45:00,659.95,659.95,659.95,659.95,6.0
77,2020/10/01 09:48:00,659.95,659.95,659.95,659.95,5.0
78,2020/10/01 09:51:00,659.95,659.95,659.95,659.95,3.0
79,2020/10/01 09:53:00,659.95,659.95,659.95,659.95,4.0
80,2020/10/01 10:22:00,654.0,654.0,654.0,654.0,2.0
81,2020/10/01 10:31:00,650.0,650.0,650.0,650.0,10.0
82,2020/10/01 10:41:00,650.05,650.05,650.05,650.05,4.0
83,2020/10/01 10:46:00,654.0,654.0,654.0,654.0,8.0
84,2020/10/01 10:50:00,650.15,650.15,650.15,650.15,1.0
85,2020/10/01 10:58:00,653.95,653.95,653.95,653.95,1.0
86,2020/10/01 11:01:00,653.8,653.8,653.8,653.8,2.0
87,2020/10/01 11:04:00,650.1,650.1,650.1,650.1,2.0
88,2020/10/01 11:11:00,651.35,651.35,651.35,651.35,6.0
89,2020/10/01 11:14:00,651.35,651.35,651.35,651.35,1.0
90,2020/10/01 11:15:00,651.15,651.15,651.15,651.15,13.0
91,2020/10/01 11:21:00,651.15,651.15,651.15,651.15,20.0
92,2020/10/01 11:27:00,651.15,651.15,651.15,651.15,66.0
93,2020/10/01 11:42:00,658.75,658.75,658.75,658.75,1.0
94,2020/10/01 11:56:00,650.1,650.1,650.1,650.1,22.0
95,2020/10/01 12:06:00,650.0,650.0,650.0,650.0,5.0
96,2020/10/01 12:07:00,650.0,650.0,650.0,650.0,48.0
97,2020/10/01 12:08:00,649.8,649.8,649.8,649.8,16.0
98,2020/10/01 12:10:00,649.8,649.8,649.8,649.8,15.0
99,2020/10/01 12:11:00,650.0,650.0,650.0,650.0,6.0
100,2020/10/01 12:12:00,650.0,650.0,650.0,650.0,12.0
101,2020/10/01 12:13:00,650.0,650.0,649.8,649.8,35.0
102,2020/10/01 12:17:00,645.1,645.1,645.1,645.1,10.0
103,2020/10/01 12:18:00,645.1,645.1,645.1,645.1,10.0
104,2020/10/01 12:20:00,649.75,649.75,649.75,649.75,1.0
105,2020/10/01 12:34:00,647.6,647.6,647.6,647.6,2.0
106,2020/10/01 12:38:00,645.05,645.05,645.0,645.0,44.0
107,2020/10/01 12:55:00,648.9,648.9,648.9,648.9,2.0
108,2020/10/01 12:57:00,645.65,645.65,645.65,645.65,1.0
109,2020/10/01 13:05:00,644.0,644.0,644.0,644.0,5.0
110,2020/10/01 13:09:00,648.85,648.85,648.85,648.85,1.0
111,2020/10/01 13:12:00,648.8,648.8,648.8,648.8,1.0
112,2020/10/01 13:17:00,648.85,648.85,648.85,648.85,50.0
113,2020/10/01 13:21:00,648.8,648.8,648.8,648.8,2.0
114,2020/10/01 13:46:00,649.0,649.0,649.0,649.0,41.0
115,2020/10/01 13:49:00,648.85,648.85,648.85,648.85,2.0
116,2020/10/01 14:04:00,647.5,647.5,647.5,647.5,1.0
117,2020/10/01 14:08:00,647.5,647.5,647.5,647.5,12.0
118,2020/10/01 14:14:00,646.5,646.5,646.5,646.5,2.0
119,2020/10/01 14:32:00,642.3,642.3,642.3,642.3,8.0
120,2020/10/01 14:38:00,645.5,647.5,645.5,647.5,31.0
121,2020/10/01 14:42:00,647.45,647.45,647.4,647.4,38.0
122,2020/10/01 14:58:00,642.5,642.5,642.5,642.5,39.0
123,2020/10/01 15:07:00,644.0,644.0,644.0,644.0,1.0
124,2020/10/01 15:11:00,644.0,644.0,644.0,644.0,7.0
125,2020/10/01 15:12:00,644.0,644.0,644.0,644.0,1.0
126,2020/10/01 15:14:00,642.6,642.6,641.1,641.1,17.0
127,2020/10/01 15:15:00,641.1,647.45,641.1,647.45,13.0
128,2020/10/01 15:17:00,645.0,645.0,645.0,645.0,10.0
129,2020/10/01 15:25:00,646.85,646.85,646.85,646.85,1.0
130,2020/10/01 15:26:00,648.0,648.0,648.0,648.0,30.0
131,2020/10/01 15:28:00,648.0,648.0,648.0,648.0,9.0
132,2020/10/05 09:43:00,640.0,640.0,640.0,640.0,18.0
133,2020/10/05 09:46:00,645.0,645.0,645.0,645.0,15.0
134,2020/10/05 10:06:00,640.05,640.05,640.05,640.05,8.0
135,2020/10/05 10:21:00,640.55,640.55,640.55,640.55,7.0
136,2020/10/05 10:26:00,640.0,640.0,640.0,640.0,12.0
137,2020/10/05 10:32:00,643.9,643.9,643.9,643.9,1.0
138,2020/10/05 10:41:00,643.9,643.9,643.9,643.9,1.0
139,2020/10/05 11:25:00,640.5,640.5,640.5,640.5,5.0
140,2020/10/05 12:12:00,640.5,640.5,640.5,640.5,2.0
141,2020/10/05 12:28:00,641.0,641.0,641.0,641.0,60.0
142,2020/10/05 12:31:00,640.0,640.0,640.0,640.0,6.0
143,2020/10/05 12:45:00,635.0,637.45,635.0,637.45,4.0
144,2020/10/05 12:53:00,633.0,633.0,632.7,632.7,31.0
145,2020/10/05 12:54:00,633.05,633.05,633.05,633.05,1397.0
146,2020/10/05 12:56:00,640.0,640.0,640.0,640.0,2.0
147,2020/10/05 13:00:00,640.05,640.05,640.05,640.05,57.0
148,2020/10/05 13:04:00,644.9,644.9,644.9,644.9,47.0
149,2020/10/05 13:08:00,640.55,640.55,640.55,640.55,4.0
150,2020/10/05 13:33:00,640.55,640.55,640.55,640.55,5.0
151,2020/10/05 14:04:00,655.0,655.0,655.0,655.0,60.0
152,2020/10/05 14:05:00,650.25,650.25,640.55,640.55,22.0
153,2020/10/05 14:07:00,642.95,642.95,642.95,642.95,2.0
154,2020/10/05 14:18:00,642.9,642.9,642.9,642.9,1.0
155,2020/10/05 14:21:00,640.55,640.55,640.55,640.55,50.0
156,2020/10/05 14:50:00,649.5,649.5,641.0,641.0,99.0
157,2020/10/05 14:55:00,640.6,640.6,640.6,640.6,100.0
158,2020/10/05 15:11:00,646.5,646.5,640.65,640.65,79.0
159,2020/10/05 15:12:00,647.9,647.9,647.9,647.9,54.0
160,2020/10/05 15:13:00,637.7,637.7,637.7,637.7,2.0
161,2020/10/05 15:25:00,632.0,632.0,632.0,632.0,55.0
162,2020/10/05 15:26:00,635.1,635.1,635.05,635.05,19.0
163,2020/10/05 15:27:00,643.05,643.05,643.05,643.05,1.0
164,2020/10/05 15:28:00,632.5,632.5,632.5,632.5,2.0
165,2020/10/05 15:29:00,632.25,632.25,632.25,632.25,35.0
166,2020/10/06 09:21:00,647.55,647.55,647.55,647.55,4.0
167,2020/10/06 09:22:00,638.55,644.05,637.95,644.05,10.0
168,2020/10/06 09:23:00,645.05,645.6,640.95,645.6,6.0
169,2020/10/06 09:31:00,639.0,641.0,639.0,641.0,5.0
170,2020/10/06 09:32:00,643.0,643.0,640.95,640.95,3.0
171,2020/10/06 09:33:00,642.55,642.55,640.95,640.95,3.0
172,2020/10/06 09:42:00,645.0,645.0,645.0,645.0,45.0
173,2020/10/06 10:03:00,640.0,640.0,640.0,640.0,30.0
174,2020/10/06 10:04:00,640.0,640.0,640.0,640.0,30.0
175,2020/10/06 10:05:00,640.0,640.0,640.0,640.0,5.0
176,2020/10/06 10:22:00,640.05,640.05,638.0,638.0,252.0
177,2020/10/06 10:49:00,638.1,638.1,638.1,638.1,4.0
178,2020/10/06 10:54:00,638.1,638.1,638.1,638.1,20.0
179,2020/10/06 10:55:00,638.0,638.0,638.0,638.0,20.0
180,2020/10/06 10:56:00,638.0,638.0,638.0,638.0,31.0
181,2020/10/06 10:57:00,638.0,638.0,638.0,638.0,10.0
182,2020/10/06 11:03:00,638.0,638.0,638.0,638.0,5.0
183,2020/10/06 11:08:00,637.95,641.5,637.95,641.5,6.0
184,2020/10/06 11:10:00,635.1,635.1,635.1,635.1,3.0
185,2020/10/06 11:24:00,632.25,632.25,632.2,632.25,216.0
186,2020/10/06 11:40:00,635.0,635.0,635.0,635.0,22.0
187,2020/10/06 11:51:00,632.25,632.25,632.2,632.2,3.0
188,2020/10/06 11:56:00,635.0,635.0,635.0,635.0,5.0
189,2020/10/06 12:14:00,634.95,634.95,634.95,634.95,2.0
190,2020/10/06 12:15:00,635.0,635.0,635.0,635.0,1.0
191,2020/10/06 12:25:00,635.0,635.0,635.0,635.0,120.0
192,2020/10/06 12:26:00,635.0,635.0,635.0,635.0,200.0
193,2020/10/06 12:28:00,632.25,632.25,632.25,632.25,5.0
194,2020/10/06 12:48:00,635.0,635.0,635.0,635.0,5.0
195,2020/10/06 13:57:00,632.4,632.4,632.4,632.4,3.0
196,2020/10/06 14:05:00,632.35,632.35,632.35,632.35,41.0
197,2020/10/06 14:06:00,632.35,632.35,632.35,632.35,15.0
198,2020/10/06 14:09:00,632.35,632.35,632.35,632.35,100.0
199,2020/10/06 14:22:00,632.35,632.35,632.35,632.35,7.0
200,2020/10/06 14:24:00,632.35,632.35,632.35,632.35,30.0
201,2020/10/06 14:25:00,633.0,633.0,633.0,633.0,1.0
202,2020/10/06 14:49:00,632.35,632.35,632.35,632.35,9.0
203,2020/10/06 15:01:00,632.35,632.35,632.35,632.35,30.0
204,2020/10/06 15:07:00,635.0,635.0,635.0,635.0,30.0
205,2020/10/06 15:08:00,635.0,635.0,635.0,635.0,5.0
206,2020/10/06 15:24:00,635.0,635.0,635.0,635.0,5.0
207,2020/10/06 15:26:00,635.0,635.0,635.0,635.0,4.0
208,2020/10/06 15:27:00,635.0,635.0,635.0,635.0,2.0
209,2020/10/06 15:28:00,632.35,632.35,632.35,632.35,16.0
210,2020/10/06 15:29:00,635.0,635.0,635.0,635.0,50.0
211,2020/10/07 09:24:00,632.35,632.35,632.35,632.35,1.0
212,2020/10/07 09:39:00,642.5,643.5,642.5,643.45,209.0
213,2020/10/07 09:40:00,643.45,643.75,643.45,643.75,121.0
214,2020/10/07 09:41:00,635.0,643.75,635.0,643.75,124.0
215,2020/10/07 09:42:00,635.2,640.95,634.05,640.95,38.0
216,2020/10/07 09:43:00,640.0,640.0,640.0,640.0,26.0
217,2020/10/07 09:44:00,639.4,639.4,639.4,639.4,9.0
218,2020/10/07 09:45:00,632.05,634.0,632.05,634.0,118.0
219,2020/10/07 09:46:00,640.4,640.5,632.5,640.0,77.0
220,2020/10/07 09:47:00,632.25,632.25,632.25,632.25,39.0
221,2020/10/07 09:48:00,632.5,633.3,632.5,633.3,76.0
222,2020/10/07 09:49:00,632.5,639.5,632.5,639.5,52.0
223,2020/10/07 09:50:00,633.0,633.0,633.0,633.0,21.0
224,2020/10/07 09:51:00,633.05,633.05,633.05,633.05,2.0
225,2020/10/07 09:53:00,632.05,632.05,630.25,630.25,20.0
226,2020/10/07 09:55:00,629.95,630.0,629.95,630.0,2.0
227,2020/10/07 10:00:00,629.9,629.9,629.9,629.9,1.0
228,2020/10/07 10:17:00,627.0,627.0,627.0,627.0,10.0
229,2020/10/07 10:26:00,629.75,629.75,629.75,629.75,8.0
230,2020/10/07 10:35:00,629.75,629.75,629.75,629.75,3.0
231,2020/10/07 10:50:00,629.6,629.6,629.6,629.6,1.0
232,2020/10/07 10:54:00,630.0,630.0,629.0,630.0,459.0
233,2020/10/07 11:06:00,635.0,636.0,635.0,636.0,152.0
234,2020/10/07 11:25:00,635.5,635.5,635.5,635.5,20.0
235,2020/10/07 11:27:00,635.5,635.5,635.5,635.5,1.0
236,2020/10/07 11:36:00,635.5,635.5,635.5,635.5,27.0
237,2020/10/07 11:37:00,632.3,632.3,632.3,632.3,15.0
238,2020/10/07 12:10:00,635.5,635.5,635.5,635.5,24.0
239,2020/10/07 12:11:00,638.0,638.0,638.0,638.0,21.0
240,2020/10/07 12:12:00,640.0,640.05,640.0,640.05,262.0
241,2020/10/07 12:15:00,670.0,670.0,670.0,670.0,300.0
242,2020/10/07 12:16:00,650.0,650.0,650.0,650.0,1.0
243,2020/10/07 12:22:00,642.25,642.25,642.25,642.25,20.0
244,2020/10/07 12:24:00,650.0,650.0,650.0,650.0,30.0
245,2020/10/07 12:30:00,645.05,645.05,645.0,645.0,33.0
246,2020/10/07 12:32:00,640.0,640.0,640.0,640.0,47.0
247,2020/10/07 12:47:00,649.75,649.75,649.75,649.75,1.0
248,2020/10/07 12:49:00,649.0,649.0,649.0,649.0,19.0
249,2020/10/07 13:02:00,640.15,640.15,640.15,640.15,39.0
250,2020/10/07 13:03:00,640.0,640.0,640.0,640.0,25.0
251,2020/10/07 13:04:00,640.0,640.0,640.0,640.0,75.0
252,2020/10/07 13:17:00,640.0,640.0,640.0,640.0,60.0
253,2020/10/07 13:20:00,645.0,645.0,645.0,645.0,38.0
254,2020/10/07 13:31:00,645.0,645.0,645.0,645.0,114.0
255,2020/10/07 13:32:00,641.05,641.05,641.05,641.05,1.0
256,2020/10/07 13:42:00,643.5,643.5,643.5,643.5,6.0
257,2020/10/07 13:43:00,646.0,646.0,646.0,646.0,5.0
258,2020/10/07 14:00:00,640.0,640.0,640.0,640.0,80.0
259,2020/10/07 14:05:00,645.95,645.95,645.95,645.95,1.0
260,2020/10/07 14:18:00,645.95,645.95,645.95,645.95,1.0
261,2020/10/07 14:25:00,640.0,640.0,640.0,640.0,15.0
262,2020/10/07 14:26:00,640.0,640.0,640.0,640.0,65.0
263,2020/10/07 14:33:00,640.0,640.0,640.0,640.0,33.0
264,2020/10/07 14:47:00,640.5,642.4,640.05,642.4,101.0
265,2020/10/07 14:56:00,640.0,640.0,640.0,640.0,3.0
266,2020/10/07 15:05:00,640.0,640.0,640.0,640.0,2.0
267,2020/10/07 15:10:00,640.0,640.0,640.0,640.0,30.0
268,2020/10/07 15:16:00,640.0,640.0,640.0,640.0,12.0
269,2020/10/07 15:18:00,640.0,640.0,640.0,640.0,2.0
270,2020/10/07 15:26:00,637.15,639.15,637.15,639.15,5.0
271,2020/10/07 15:28:00,637.1,646.0,637.1,646.0,2.0
272,2020/10/07 15:43:00,639.85,639.85,639.85,639.85,40.0
273,2020/10/08 09:21:00,636.95,646.05,636.95,639.95,20.0
274,2020/10/08 09:22:00,645.05,645.05,639.95,640.0,15.0
275,2020/10/08 09:34:00,640.05,647.0,640.05,647.0,68.0
276,2020/10/08 09:35:00,638.0,648.0,638.0,638.0,53.0
277,2020/10/08 09:36:00,640.0,640.0,640.0,640.0,1.0
278,2020/10/08 09:38:00,644.0,644.0,638.0,638.0,44.0
279,2020/10/08 09:39:00,647.9,647.9,633.55,638.0,55.0
280,2020/10/08 09:53:00,644.0,644.0,644.0,644.0,3.0
281,2020/10/08 10:06:00,638.0,638.0,633.0,635.0,116.0
282,2020/10/08 10:08:00,635.0,635.0,635.0,635.0,50.0
283,2020/10/08 10:18:00,640.0,640.0,640.0,640.0,30.0
284,2020/10/08 10:19:00,635.0,635.0,635.0,635.0,1.0
285,2020/10/08 10:50:00,640.0,640.0,640.0,640.0,1.0
286,2020/10/08 10:52:00,640.0,640.0,640.0,640.0,6.0
287,2020/10/08 11:13:00,635.05,635.05,635.05,635.05,63.0
288,2020/10/08 11:18:00,635.05,635.05,635.05,635.05,1.0
289,2020/10/08 11:53:00,635.05,635.05,635.05,635.05,10.0
290,2020/10/08 12:13:00,635.05,635.05,635.05,635.05,5.0
291,2020/10/08 12:19:00,635.0,635.0,635.0,635.0,15.0
292,2020/10/08 12:43:00,647.75,647.75,647.75,647.75,10.0
293,2020/10/08 12:46:00,644.95,644.95,644.95,644.95,1.0
294,2020/10/08 13:03:00,640.0,640.0,640.0,640.0,3.0
295,2020/10/08 13:09:00,635.0,635.0,635.0,635.0,10.0
296,2020/10/08 13:37:00,640.0,640.0,640.0,640.0,2.0
297,2020/10/08 13:38:00,640.0,640.0,640.0,640.0,5.0
298,2020/10/08 13:41:00,633.0,633.0,633.0,633.0,10.0
299,2020/10/08 14:04:00,633.0,633.0,633.0,633.0,200.0
300,2020/10/08 14:10:00,633.9,633.9,633.9,633.9,5.0
301,2020/10/08 14:20:00,633.0,633.0,633.0,633.0,33.0
302,2020/10/08 15:12:00,633.0,633.0,633.0,633.0,48.0
303,2020/10/08 15:14:00,636.7,636.7,636.7,636.7,40.0
304,2020/10/08 15:28:00,633.0,633.0,633.0,633.0,28.0
305,2020/10/08 15:57:00,633.25,633.25,633.25,633.25,13.0
306,2020/10/09 09:18:00,657.05,657.05,644.95,644.95,9.0
307,2020/10/09 09:19:00,657.05,658.0,641.95,652.0,10.0
308,2020/10/09 09:25:00,649.9,649.9,649.9,649.9,2.0
309,2020/10/09 09:33:00,645.0,645.0,645.0,645.0,1.0
310,2020/10/09 10:01:00,640.0,640.0,640.0,640.0,1.0
311,2020/10/09 10:02:00,637.75,637.75,637.75,637.75,1.0
312,2020/10/09 10:26:00,636.0,636.0,636.0,636.0,2.0
313,2020/10/09 10:30:00,635.0,635.0,635.0,635.0,2.0
314,2020/10/09 10:31:00,635.0,635.0,635.0,635.0,1.0
315,2020/10/09 10:35:00,635.0,635.0,635.0,635.0,1.0
316,2020/10/09 10:48:00,632.1,632.1,632.1,632.1,6.0
317,2020/10/09 11:23:00,632.1,632.1,632.1,632.1,24.0
318,2020/10/09 13:51:00,633.1,633.1,633.1,633.1,10.0
319,2020/10/09 14:05:00,633.1,633.1,633.1,633.1,6.0
320,2020/10/09 14:16:00,633.1,633.1,633.1,633.1,19.0
321,2020/10/09 14:29:00,633.0,633.0,633.0,633.0,24.0
322,2020/10/09 14:45:00,639.9,639.9,639.9,639.9,1.0
323,2020/10/09 14:49:00,639.9,639.9,639.9,639.9,10.0
324,2020/10/09 14:55:00,633.0,633.0,633.0,633.0,7.0
325,2020/10/09 15:29:00,650.0,650.0,650.0,650.0,50.0
326,2020/10/12 09:16:00,630.05,630.05,630.05,630.05,1.0
327,2020/10/12 09:39:00,643.05,646.05,638.0,645.0,25.0
328,2020/10/12 09:40:00,639.95,645.0,638.95,644.05,8.0
329,2020/10/12 09:51:00,660.0,660.0,643.0,643.0,60.0
330,2020/10/12 10:01:00,643.05,643.05,643.05,643.05,1.0
331,2020/10/12 10:06:00,643.0,643.0,643.0,643.0,4.0
332,2020/10/12 10:12:00,643.0,643.0,643.0,643.0,20.0
333,2020/10/12 10:13:00,649.75,649.75,649.75,649.75,2.0
334,2020/10/12 10:18:00,635.1,635.1,635.1,635.1,20.0
335,2020/10/12 10:41:00,640.05,640.05,640.05,640.05,12.0
336,2020/10/12 10:42:00,643.65,643.65,643.65,643.65,3.0
337,2020/10/12 10:53:00,670.0,670.0,670.0,670.0,300.0
338,2020/10/12 11:00:00,646.55,646.55,646.55,646.55,41.0
339,2020/10/12 11:05:00,640.15,640.15,640.15,640.15,50.0
340,2020/10/12 12:17:00,641.15,641.15,641.15,641.15,16.0
341,2020/10/12 12:24:00,641.95,641.95,641.95,641.95,1.0
342,2020/10/12 13:04:00,647.95,647.95,647.95,647.95,9.0
343,2020/10/12 13:58:00,647.95,647.95,647.95,647.95,17.0
344,2020/10/12 14:04:00,643.0,643.0,643.0,643.0,30.0
345,2020/10/12 14:05:00,643.0,643.0,643.0,643.0,4.0
346,2020/10/12 14:07:00,640.2,640.2,640.2,640.2,4.0
347,2020/10/12 14:16:00,640.2,640.2,640.2,640.2,5.0
348,2020/10/12 14:50:00,640.2,640.2,640.2,640.2,25.0
349,2020/10/12 15:13:00,640.0,640.0,640.0,640.0,21.0
350,2020/10/12 15:22:00,640.0,640.0,640.0,640.0,19.0
351,2020/10/12 15:26:00,640.0,640.0,640.0,640.0,3.0
352,2020/10/13 09:29:00,629.15,629.15,629.15,629.15,1.0
353,2020/10/13 09:33:00,641.0,641.0,641.0,641.0,51.0
354,2020/10/13 09:53:00,640.95,640.95,640.95,640.95,1.0
355,2020/10/13 10:19:00,635.0,635.0,635.0,635.0,15.0
356,2020/10/13 11:09:00,635.05,635.05,635.05,635.05,1.0
357,2020/10/13 11:15:00,635.0,635.0,635.0,635.0,77.0
358,2020/10/13 12:06:00,635.0,635.0,635.0,635.0,5.0
359,2020/10/13 13:41:00,635.0,635.0,635.0,635.0,2.0
360,2020/10/13 13:43:00,639.95,639.95,639.95,639.95,2.0
361,2020/10/13 13:47:00,635.0,635.0,635.0,635.0,14.0
362,2020/10/13 13:53:00,635.0,635.0,635.0,635.0,1.0
363,2020/10/13 14:08:00,640.0,640.0,640.0,640.0,12.0
364,2020/10/13 14:43:00,635.3,635.3,635.0,635.0,30.0
365,2020/10/13 15:28:00,635.05,635.05,635.05,635.05,6.0
366,2020/10/14 09:33:00,645.0,645.0,636.95,636.95,7.0
367,2020/10/14 09:34:00,636.95,641.05,634.95,635.95,17.0
368,2020/10/14 09:35:00,638.0,638.0,631.1,631.1,11.0
369,2020/10/14 09:55:00,634.45,634.45,634.45,634.45,4.0
370,2020/10/14 09:58:00,631.0,631.0,631.0,631.0,34.0
371,2020/10/14 09:59:00,631.0,631.0,631.0,631.0,5.0
372,2020/10/14 10:18:00,631.0,634.4,631.0,634.4,2.0
373,2020/10/14 10:24:00,634.5,634.5,634.5,634.5,100.0
374,2020/10/14 10:25:00,635.0,635.0,635.0,635.0,185.0
375,2020/10/14 10:30:00,635.8,635.8,635.8,635.8,85.0
376,2020/10/14 10:36:00,635.85,635.85,635.85,635.85,13.0
377,2020/10/14 10:47:00,610.0,610.0,610.0,610.0,831.0
378,2020/10/14 10:48:00,623.4,635.85,623.4,635.85,304.0
379,2020/10/14 10:49:00,633.75,635.85,633.75,635.85,42.0
380,2020/10/14 10:50:00,639.0,639.0,639.0,639.0,5.0
381,2020/10/14 10:55:00,616.05,616.05,616.05,616.05,50.0
382,2020/10/14 11:15:00,617.85,617.85,617.85,617.85,3.0
383,2020/10/14 11:23:00,618.65,618.65,618.65,618.65,2.0
384,2020/10/14 11:54:00,633.95,633.95,633.95,633.95,15.0
385,2020/10/14 12:50:00,631.65,631.65,631.65,631.65,4.0
386,2020/10/14 13:13:00,625.0,625.0,625.0,625.0,1.0
387,2020/10/14 13:18:00,632.8,632.8,632.8,632.8,2.0
388,2020/10/14 13:38:00,629.0,629.0,629.0,629.0,2.0
389,2020/10/14 14:45:00,630.0,630.0,630.0,630.0,50.0
390,2020/10/14 14:59:00,629.0,629.0,629.0,629.0,33.0
391,2020/10/14 15:17:00,629.0,629.0,626.0,626.0,3.0
392,2020/10/14 15:27:00,631.0,631.0,631.0,631.0,10.0
393,2020/10/15 09:18:00,636.05,636.05,629.95,629.95,6.0
394,2020/10/15 09:19:00,632.95,638.05,631.0,631.95,14.0
395,2020/10/15 09:20:00,633.0,633.0,628.0,628.0,7.0
396,2020/10/15 09:24:00,618.0,618.0,618.0,618.0,3.0
397,2020/10/15 09:31:00,636.6,637.5,636.6,637.5,198.0
398,2020/10/15 09:32:00,624.05,637.0,624.05,634.0,58.0
399,2020/10/15 09:33:00,632.7,632.7,632.0,632.0,25.0
400,2020/10/15 09:50:00,632.0,632.0,627.95,630.05,8.0
401,2020/10/15 10:39:00,625.0,625.0,625.0,625.0,10.0
402,2020/10/15 10:53:00,634.65,634.65,634.65,634.65,2.0
403,2020/10/15 11:14:00,625.0,625.0,625.0,625.0,48.0
404,2020/10/15 11:26:00,621.0,621.0,620.3,620.3,9.0
405,2020/10/15 11:51:00,624.95,624.95,616.95,616.95,88.0
406,2020/10/15 11:53:00,615.0,615.0,614.95,615.0,11.0
407,2020/10/15 11:54:00,614.95,614.95,614.95,614.95,1.0
408,2020/10/15 11:58:00,615.0,615.0,614.95,614.95,44.0
409,2020/10/15 12:02:00,614.95,615.0,614.95,615.0,36.0
410,2020/10/15 12:09:00,615.0,615.0,615.0,615.0,24.0
411,2020/10/15 12:12:00,615.0,615.0,615.0,615.0,15.0
412,2020/10/15 12:14:00,615.0,615.0,615.0,615.0,95.0
413,2020/10/15 12:28:00,622.0,622.0,616.2,618.3,124.0
414,2020/10/15 12:29:00,621.2,621.2,616.0,616.0,115.0
415,2020/10/15 12:30:00,621.0,621.0,620.5,621.0,5.0
416,2020/10/15 12:37:00,616.05,616.05,616.05,616.05,1.0
417,2020/10/15 12:39:00,616.0,616.0,616.0,616.0,10.0
418,2020/10/15 12:40:00,611.2,611.2,611.2,611.2,87.0
419,2020/10/15 12:42:00,617.35,617.35,617.35,617.35,1.0
420,2020/10/15 12:49:00,614.0,614.0,614.0,614.0,2.0
421,2020/10/15 13:01:00,620.0,620.0,620.0,620.0,89.0
422,2020/10/15 13:07:00,620.0,620.0,620.0,620.0,11.0
423,2020/10/15 13:27:00,617.0,617.0,617.0,617.0,188.0
424,2020/10/15 13:29:00,617.0,617.0,613.05,613.05,20.0
425,2020/10/15 13:30:00,613.0,613.0,613.0,613.0,34.0
426,2020/10/15 13:50:00,620.8,620.8,620.8,620.8,10.0
427,2020/10/15 14:03:00,613.05,613.05,613.05,613.05,12.0
428,2020/10/15 14:33:00,619.85,619.85,619.85,619.85,1.0
429,2020/10/15 14:42:00,615.05,615.05,615.05,615.05,1.0
430,2020/10/15 14:50:00,615.05,615.05,615.05,615.05,10.0
431,2020/10/15 14:51:00,615.0,615.0,615.0,615.0,8.0
432,2020/10/15 14:52:00,615.0,615.0,615.0,615.0,4.0
433,2020/10/15 15:05:00,615.0,615.0,615.0,615.0,40.0
434,2020/10/15 15:22:00,619.9,619.9,619.9,619.9,1.0
435,2020/10/15 15:26:00,615.0,615.0,615.0,615.0,18.0
436,2020/10/16 09:18:00,625.95,630.05,621.95,628.05,14.0
437,2020/10/16 09:19:00,619.95,628.05,619.95,628.05,7.0
438,2020/10/16 09:22:00,629.05,629.05,621.95,622.0,10.0
439,2020/10/16 09:48:00,619.0,627.95,618.0,627.8,95.0
440,2020/10/16 09:49:00,625.9,625.9,625.9,625.9,52.0
441,2020/10/16 10:24:00,628.0,628.0,628.0,628.0,30.0
442,2020/10/16 11:03:00,612.3,612.3,611.15,612.3,22.0
443,2020/10/16 11:29:00,615.05,615.05,615.05,615.05,4.0
444,2020/10/16 12:57:00,617.5,618.0,617.5,618.0,7.0
445,2020/10/16 12:58:00,624.95,624.95,624.95,624.95,3.0
446,2020/10/16 13:51:00,616.2,616.2,616.2,616.2,16.0
447,2020/10/16 14:08:00,615.0,615.0,615.0,615.0,37.0
448,2020/10/16 14:11:00,615.0,615.0,615.0,615.0,22.0
449,2020/10/16 14:30:00,614.1,614.1,614.1,614.1,1.0
450,2020/10/16 14:43:00,618.45,620.0,618.45,620.0,70.0
451,2020/10/16 15:05:00,627.95,627.95,627.95,627.95,15.0
452,2020/10/16 15:10:00,625.0,625.0,625.0,625.0,1.0
453,2020/10/16 15:15:00,623.0,623.0,623.0,623.0,147.0
454,2020/10/16 15:17:00,620.0,620.0,620.0,620.0,22.0
455,2020/10/16 15:27:00,627.95,627.95,627.95,627.95,1.0
456,2020/10/16 15:29:00,620.0,620.0,620.0,620.0,1.0
457,2020/10/19 09:18:00,640.0,645.05,634.95,634.95,10.0
458,2020/10/19 09:19:00,644.05,644.05,625.0,625.0,10.0
459,2020/10/19 09:46:00,635.0,635.0,635.0,635.0,15.0
460,2020/10/19 09:47:00,627.5,632.0,627.5,632.0,10.0
461,2020/10/19 09:48:00,629.95,629.95,629.95,629.95,1.0
462,2020/10/19 10:00:00,635.95,635.95,635.95,635.95,1.0
463,2020/10/19 10:02:00,624.3,624.3,620.0,620.0,7.0
464,2020/10/19 10:03:00,620.0,620.0,612.2,612.2,3.0
465,2020/10/19 10:08:00,655.0,655.0,655.0,655.0,25.0
466,2020/10/19 10:09:00,614.05,614.05,614.05,614.05,21.0
467,2020/10/19 10:10:00,622.4,622.4,622.4,622.4,3.0
468,2020/10/19 10:13:00,617.45,617.45,617.45,617.45,1.0
469,2020/10/19 10:29:00,627.9,627.9,627.9,627.9,2.0
470,2020/10/19 10:48:00,623.05,624.05,619.95,623.95,22.0
471,2020/10/19 10:49:00,627.35,627.35,627.35,627.35,5.0
472,2020/10/19 10:51:00,629.0,638.0,629.0,638.0,11.0
473,2020/10/19 10:52:00,622.55,622.55,621.05,621.05,31.0
474,2020/10/19 11:10:00,652.9,652.9,652.9,652.9,15.0
475,2020/10/19 11:12:00,621.2,621.2,621.2,621.2,25.0
476,2020/10/19 11:15:00,624.95,624.95,624.95,624.95,2.0
477,2020/10/19 11:16:00,625.25,632.05,625.0,632.05,12.0
478,2020/10/19 11:17:00,625.95,631.2,625.95,631.2,12.0
479,2020/10/19 11:18:00,625.95,631.3,625.95,628.05,8.0
480,2020/10/19 11:19:00,621.4,621.4,621.4,621.4,1.0
481,2020/10/19 11:57:00,633.45,633.45,633.45,633.45,1.0
482,2020/10/19 12:12:00,622.9,622.9,622.9,622.9,30.0
483,2020/10/19 12:13:00,623.5,623.5,623.5,623.5,2.0
484,2020/10/19 12:31:00,623.05,623.05,623.05,623.05,1.0
485,2020/10/19 12:32:00,626.95,626.95,626.95,626.95,1.0
486,2020/10/19 13:16:00,625.95,625.95,623.05,623.05,2.0
487,2020/10/19 13:46:00,621.5,621.5,621.5,621.5,39.0
488,2020/10/19 14:30:00,637.95,637.95,637.95,637.95,35.0
489,2020/10/19 14:31:00,621.8,623.85,621.8,623.85,49.0
490,2020/10/19 14:50:00,621.0,621.0,621.0,621.0,92.0
491,2020/10/19 14:55:00,625.05,625.05,625.05,625.05,10.0
492,2020/10/19 15:03:00,625.0,625.0,625.0,625.0,19.0
493,2020/10/19 15:17:00,628.05,628.05,625.0,625.0,8.0
494,2020/10/19 15:20:00,628.0,628.0,628.0,628.0,1.0
495,2020/10/19 15:21:00,628.0,634.45,628.0,634.45,138.0
496,2020/10/19 15:22:00,634.45,634.45,634.45,634.45,14.0
497,2020/10/19 15:23:00,634.45,634.45,634.45,634.45,10.0
498,2020/10/19 15:29:00,634.45,634.45,634.45,634.45,12.0
499,2020/10/20 09:16:00,638.05,638.05,638.05,638.05,5.0
500,2020/10/20 09:17:00,627.95,633.0,624.95,630.0,15.0
501,2020/10/20 09:18:00,628.0,628.05,623.95,628.05,10.0
502,2020/10/20 09:20:00,639.95,639.95,639.95,639.95,30.0
503,2020/10/20 09:29:00,622.0,622.0,622.0,622.0,2.0
504,2020/10/20 09:32:00,638.9,638.9,638.9,638.9,10.0
505,2020/10/20 09:33:00,638.0,638.05,638.0,638.05,68.0
506,2020/10/20 09:34:00,638.0,638.0,638.0,638.0,31.0
507,2020/10/20 09:35:00,638.0,638.0,638.0,638.0,50.0
508,2020/10/20 09:42:00,638.0,638.0,638.0,638.0,1.0
509,2020/10/20 09:46:00,638.0,638.0,638.0,638.0,9.0
510,2020/10/20 09:48:00,638.0,638.0,638.0,638.0,212.0
511,2020/10/20 09:52:00,631.95,631.95,631.95,631.95,2.0
512,2020/10/20 10:20:00,631.95,631.95,631.95,631.95,1.0
513,2020/10/20 11:30:00,627.1,627.1,627.05,627.05,91.0
514,2020/10/20 11:31:00,627.0,627.0,627.0,627.0,11.0
515,2020/10/20 11:45:00,626.9,626.9,624.5,624.5,104.0
516,2020/10/20 11:50:00,625.0,625.0,625.0,625.0,102.0
517,2020/10/20 11:51:00,628.0,628.0,625.0,625.0,11.0
518,2020/10/20 11:56:00,625.0,625.0,625.0,625.0,10.0
519,2020/10/20 12:15:00,624.5,624.5,624.5,624.5,5.0
520,2020/10/20 12:21:00,627.9,627.9,627.9,627.9,2.0
521,2020/10/20 12:44:00,624.5,624.5,624.5,624.5,10.0
522,2020/10/20 12:50:00,625.0,625.0,625.0,625.0,30.0
523,2020/10/20 13:01:00,624.5,624.5,624.5,624.5,1.0
524,2020/10/20 13:06:00,624.5,624.5,624.5,624.5,2.0
525,2020/10/20 13:08:00,625.0,625.0,625.0,625.0,1.0
526,2020/10/20 13:10:00,625.0,625.0,625.0,625.0,1.0
527,2020/10/20 13:21:00,625.0,625.0,625.0,625.0,25.0
528,2020/10/20 13:35:00,625.0,625.0,625.0,625.0,100.0
529,2020/10/20 14:10:00,625.0,625.0,625.0,625.0,90.0
530,2020/10/20 14:15:00,625.0,625.0,625.0,625.0,35.0
531,2020/10/20 14:31:00,620.2,620.2,620.2,620.2,50.0
532,2020/10/20 14:46:00,620.2,620.2,620.2,620.2,155.0
533,2020/10/20 15:02:00,620.0,620.0,620.0,620.0,12.0
534,2020/10/20 15:05:00,620.0,620.0,619.35,620.0,50.0
535,2020/10/20 15:06:00,620.0,620.0,620.0,620.0,5.0
536,2020/10/20 15:07:00,620.0,620.0,620.0,620.0,51.0
537,2020/10/20 15:14:00,630.0,630.0,630.0,630.0,10.0
538,2020/10/20 15:25:00,630.0,630.0,630.0,630.0,24.0
539,2020/10/20 15:27:00,630.0,630.0,630.0,630.0,10.0
540,2020/10/20 15:28:00,630.0,630.0,630.0,630.0,1.0
541,2020/10/21 09:19:00,634.95,634.95,634.95,634.95,7.0
542,2020/10/21 09:20:00,633.05,633.05,622.65,622.65,13.0
543,2020/10/21 09:29:00,639.8,639.8,639.8,639.8,10.0
544,2020/10/21 09:30:00,623.05,623.05,623.05,623.05,11.0
545,2020/10/21 09:37:00,639.45,639.45,639.45,639.45,10.0
546,2020/10/21 09:40:00,625.95,634.0,625.95,632.0,12.0
547,2020/10/21 09:58:00,630.0,630.0,630.0,630.0,7.0
548,2020/10/21 09:59:00,634.0,635.0,628.95,635.0,7.0
549,2020/10/21 10:04:00,634.95,634.95,634.95,634.95,3.0
550,2020/10/21 10:09:00,630.0,630.0,630.0,630.0,1.0
551,2020/10/21 10:10:00,624.15,624.15,624.15,624.15,35.0
552,2020/10/21 10:15:00,634.75,634.75,634.75,634.75,4.0
553,2020/10/21 10:16:00,620.0,620.0,619.95,620.0,161.0
554,2020/10/21 10:17:00,620.0,620.0,620.0,620.0,20.0
555,2020/10/21 10:18:00,620.0,620.0,620.0,620.0,10.0
556,2020/10/21 10:19:00,620.0,633.9,610.0,629.65,374.0
557,2020/10/21 10:20:00,625.5,630.0,625.5,626.95,25.0
558,2020/10/21 10:27:00,629.95,629.95,629.95,629.95,55.0
559,2020/10/21 10:29:00,623.55,623.55,623.55,623.55,1.0
560,2020/10/21 10:30:00,623.55,623.55,623.55,623.55,2.0
561,2020/10/21 10:37:00,622.0,622.0,622.0,622.0,3.0
562,2020/10/21 10:48:00,621.0,621.0,621.0,621.0,16.0
563,2020/10/21 10:52:00,628.5,628.5,628.5,628.5,10.0
564,2020/10/21 11:24:00,628.0,628.0,628.0,628.0,3.0
565,2020/10/21 11:54:00,620.1,624.95,618.1,624.95,46.0
566,2020/10/21 12:13:00,618.9,618.9,618.9,618.9,1.0
567,2020/10/21 12:16:00,618.1,618.1,618.1,618.1,5.0
568,2020/10/21 12:40:00,624.8,624.8,624.8,624.8,18.0
569,2020/10/21 12:55:00,624.6,624.6,624.6,624.6,1.0
570,2020/10/21 13:57:00,621.05,621.05,620.0,620.0,9.0
571,2020/10/21 14:19:00,620.1,620.1,620.1,620.1,6.0
572,2020/10/21 14:36:00,618.05,618.05,618.05,618.05,15.0
573,2020/10/21 14:37:00,617.65,617.65,617.65,617.65,7.0
574,2020/10/21 14:39:00,615.0,615.0,615.0,615.0,39.0
575,2020/10/21 14:51:00,613.0,613.0,613.0,613.0,23.0
576,2020/10/21 14:56:00,612.0,612.0,612.0,612.0,22.0
577,2020/10/21 14:58:00,612.0,612.0,612.0,612.0,28.0
578,2020/10/21 15:02:00,618.8,618.8,618.8,618.8,2.0
579,2020/10/21 15:08:00,616.0,616.0,616.0,616.0,22.0
580,2020/10/21 15:10:00,615.95,615.95,615.95,615.95,48.0
581,2020/10/21 15:18:00,615.95,615.95,615.95,615.95,1.0
582,2020/10/21 15:26:00,615.95,619.5,615.95,619.5,27.0
583,2020/10/21 15:27:00,619.5,619.5,619.5,619.5,87.0
584,2020/10/21 15:28:00,619.5,619.5,619.5,619.5,22.0
585,2020/10/21 15:29:00,620.0,620.0,620.0,620.0,4.0
586,2020/10/22 09:15:00,610.0,610.0,610.0,610.0,100.0
587,2020/10/22 09:16:00,610.0,610.0,610.0,610.0,200.0
588,2020/10/22 09:18:00,610.1,610.15,610.1,610.1,8.0
589,2020/10/22 09:24:00,610.55,610.55,610.55,610.55,1.0
590,2020/10/22 09:25:00,610.5,610.5,610.5,610.5,34.0
591,2020/10/22 09:31:00,610.6,610.6,610.6,610.6,15.0
592,2020/10/22 09:37:00,610.2,615.55,610.2,615.55,182.0
593,2020/10/22 09:38:00,611.05,611.05,611.05,611.05,1.0
594,2020/10/22 09:46:00,612.05,612.05,612.05,612.05,5.0
595,2020/10/22 09:52:00,609.95,609.95,605.9,605.9,224.0
596,2020/10/22 09:53:00,605.9,605.9,605.9,605.9,2.0
597,2020/10/22 09:56:00,609.9,609.9,609.9,609.9,5.0
598,2020/10/22 09:57:00,609.95,609.95,605.9,606.0,27.0
599,2020/10/22 09:58:00,606.0,606.0,606.0,606.0,22.0
600,2020/10/22 09:59:00,600.0,600.0,600.0,600.0,29.0
601,2020/10/22 10:00:00,600.0,600.0,600.0,600.0,27.0
602,2020/10/22 10:01:00,600.0,600.0,600.0,600.0,3.0
603,2020/10/22 10:02:00,600.0,600.0,600.0,600.0,13.0
604,2020/10/22 10:04:00,600.0,600.0,600.0,600.0,35.0
605,2020/10/22 10:05:00,600.0,604.95,600.0,604.95,184.0
606,2020/10/22 10:08:00,604.95,604.95,604.95,604.95,12.0
607,2020/10/22 10:09:00,605.0,605.0,605.0,605.0,42.0
608,2020/10/22 10:10:00,605.0,605.0,605.0,605.0,18.0
609,2020/10/22 10:11:00,605.0,605.0,605.0,605.0,91.0
610,2020/10/22 10:12:00,610.0,610.0,610.0,610.0,2.0
611,2020/10/22 10:13:00,610.0,610.0,610.0,610.0,10.0
612,2020/10/22 10:15:00,605.0,612.6,605.0,612.6,101.0
613,2020/10/22 10:17:00,605.0,605.0,605.0,605.0,30.0
614,2020/10/22 10:18:00,609.75,609.75,609.75,609.75,10.0
615,2020/10/22 10:24:00,607.0,607.0,607.0,607.0,10.0
616,2020/10/22 10:25:00,609.9,609.9,609.9,609.9,2.0
617,2020/10/22 10:26:00,609.85,609.85,609.85,609.85,4.0
618,2020/10/22 10:39:00,609.7,609.7,609.7,609.7,37.0
619,2020/10/22 10:45:00,609.65,609.65,609.65,609.65,2.0
620,2020/10/22 10:47:00,605.0,605.0,605.0,605.0,20.0
621,2020/10/22 11:12:00,609.6,610.0,609.6,610.0,50.0
622,2020/10/22 11:15:00,610.05,610.05,610.0,610.0,10.0
623,2020/10/22 11:16:00,610.0,610.0,610.0,610.0,15.0
624,2020/10/22 11:27:00,610.0,610.0,610.0,610.0,15.0
625,2020/10/22 11:33:00,613.95,613.95,613.95,613.95,15.0
626,2020/10/22 11:48:00,610.05,610.05,610.05,610.05,2.0
627,2020/10/22 11:56:00,613.0,613.0,613.0,613.0,150.0
628,2020/10/22 12:21:00,610.55,610.55,610.55,610.55,1.0
629,2020/10/22 12:24:00,614.65,614.65,614.65,614.65,1.0
630,2020/10/22 12:39:00,614.45,614.45,614.45,614.45,10.0
631,2020/10/22 12:45:00,610.55,610.55,610.55,610.55,3.0
632,2020/10/22 12:46:00,610.55,610.55,610.55,610.55,2.0
633,2020/10/22 12:54:00,610.5,610.5,610.0,610.05,56.0
634,2020/10/22 12:56:00,613.0,613.0,613.0,613.0,96.0
635,2020/10/22 13:02:00,609.05,609.05,609.05,609.05,80.0
636,2020/10/22 13:49:00,614.45,614.45,614.45,614.45,5.0
637,2020/10/22 13:51:00,614.4,614.4,614.4,614.4,10.0
638,2020/10/22 14:27:00,615.25,615.25,615.25,615.25,137.0
639,2020/10/22 14:28:00,617.0,617.0,617.0,617.0,5.0
640,2020/10/22 14:43:00,617.0,617.05,617.0,617.0,37.0
641,2020/10/22 14:45:00,615.2,615.2,615.2,615.2,32.0
642,2020/10/22 15:09:00,620.0,620.0,620.0,620.0,200.0
643,2020/10/22 15:10:00,611.5,618.35,611.5,618.35,204.0
644,2020/10/22 15:11:00,613.55,613.55,613.55,613.55,4.0
645,2020/10/22 15:12:00,610.0,610.0,610.0,610.0,114.0
646,2020/10/22 15:13:00,609.45,609.45,592.75,592.75,1377.0
647,2020/10/22 15:14:00,609.95,610.0,609.95,610.0,14.0
648,2020/10/22 15:15:00,609.95,610.05,609.95,610.05,165.0
649,2020/10/22 15:16:00,610.0,610.0,610.0,610.0,31.0
650,2020/10/22 15:17:00,611.0,611.0,611.0,611.0,1.0
651,2020/10/22 15:18:00,612.5,613.25,612.5,613.25,5.0
652,2020/10/22 15:19:00,610.0,610.0,610.0,610.0,9.0
653,2020/10/22 15:27:00,610.0,616.3,610.0,611.0,40.0
654,2020/10/22 15:28:00,611.0,614.8,610.0,610.0,42.0
655,2020/10/22 15:29:00,625.0,639.0,625.0,639.0,342.0
656,2020/10/23 09:18:00,605.1,615.0,605.1,605.55,34.0
657,2020/10/23 09:25:00,636.95,636.95,636.95,636.95,10.0
658,2020/10/23 09:26:00,629.0,629.0,629.0,629.0,2.0
659,2020/10/23 09:44:00,625.95,625.95,625.95,625.95,39.0
660,2020/10/23 09:45:00,617.0,625.9,617.0,617.3,73.0
661,2020/10/23 09:46:00,625.9,625.9,616.05,617.6,82.0
662,2020/10/23 09:47:00,625.9,625.9,616.0,616.0,82.0
663,2020/10/23 09:48:00,622.8,622.8,622.75,622.75,5.0
664,2020/10/23 10:13:00,617.35,617.35,617.35,617.35,50.0
665,2020/10/23 10:14:00,617.35,619.95,617.35,619.95,150.0
666,2020/10/23 10:33:00,615.05,615.05,615.05,615.05,2.0
667,2020/10/23 10:43:00,617.0,617.0,617.0,617.0,10.0
668,2020/10/23 11:10:00,615.05,615.05,615.05,615.05,1.0
669,2020/10/23 11:17:00,617.0,617.0,617.0,617.0,7.0
670,2020/10/23 11:18:00,615.0,615.0,615.0,615.0,6.0
671,2020/10/23 12:19:00,615.0,615.0,615.0,615.0,4.0
672,2020/10/23 12:44:00,612.0,612.0,612.0,612.0,15.0
673,2020/10/23 12:55:00,621.95,621.95,621.95,621.95,12.0
674,2020/10/23 13:02:00,612.1,612.1,612.1,612.1,12.0
675,2020/10/23 13:03:00,611.0,611.0,610.05,610.05,216.0
676,2020/10/23 13:05:00,611.0,611.0,611.0,611.0,92.0
677,2020/10/23 13:07:00,611.0,611.0,611.0,611.0,50.0
678,2020/10/23 13:11:00,611.0,611.0,611.0,611.0,1.0
679,2020/10/23 13:12:00,611.0,611.0,611.0,611.0,90.0
680,2020/10/23 13:13:00,610.0,610.0,610.0,610.0,39.0
681,2020/10/23 13:29:00,610.9,610.9,610.9,610.9,5.0
682,2020/10/23 13:31:00,611.0,611.0,611.0,611.0,147.0
683,2020/10/23 13:32:00,610.0,610.0,610.0,610.0,1.0
684,2020/10/23 14:13:00,610.95,610.95,610.95,610.95,1.0
685,2020/10/23 14:28:00,610.95,610.95,610.95,610.95,1.0
686,2020/10/23 14:32:00,610.0,610.0,610.0,610.0,3.0
687,2020/10/23 14:43:00,611.0,611.0,611.0,611.0,39.0
688,2020/10/23 14:49:00,607.1,607.1,607.1,607.1,10.0
689,2020/10/23 15:06:00,610.95,610.95,610.95,610.95,1.0
690,2020/10/23 15:12:00,611.0,611.0,611.0,611.0,360.0
691,2020/10/23 15:14:00,612.0,612.0,612.0,612.0,17.0
692,2020/10/23 15:26:00,612.0,612.0,612.0,612.0,6.0
693,2020/10/23 15:28:00,612.0,612.0,612.0,612.0,2.0
694,2020/10/26 09:38:00,625.05,625.05,619.95,625.05,13.0
695,2020/10/26 09:39:00,620.95,625.05,619.95,621.95,15.0
696,2020/10/26 09:40:00,620.95,625.0,620.95,625.0,3.0
697,2020/10/26 10:00:00,613.0,613.0,613.0,613.0,10.0
698,2020/10/26 10:40:00,622.95,622.95,622.95,622.95,2.0
699,2020/10/26 10:43:00,614.55,614.55,614.55,614.55,1.0
700,2020/10/26 10:54:00,620.95,620.95,620.95,620.95,1.0
701,2020/10/26 11:19:00,615.0,615.0,615.0,615.0,6.0
702,2020/10/26 12:34:00,614.0,614.0,614.0,614.0,1.0
703,2020/10/26 12:52:00,613.95,613.95,613.95,613.95,1.0
704,2020/10/26 14:01:00,613.95,613.95,613.95,613.95,1.0
705,2020/10/26 14:03:00,613.95,613.95,613.95,613.95,1.0
706,2020/10/26 14:30:00,614.0,614.0,614.0,614.0,18.0
707,2020/10/26 14:32:00,620.95,620.95,620.95,620.95,1.0
708,2020/10/26 14:45:00,625.0,625.0,625.0,625.0,187.0
709,2020/10/26 14:46:00,629.7,632.0,621.65,621.65,88.0
710,2020/10/26 14:47:00,618.95,618.95,618.95,618.95,1.0
711,2020/10/26 14:48:00,626.0,628.0,626.0,628.0,5.0
712,2020/10/26 14:52:00,618.35,618.35,618.35,618.35,1.0
713,2020/10/26 15:12:00,624.95,624.95,624.95,624.95,2.0
714,2020/10/26 15:19:00,625.0,625.0,623.05,623.05,6.0
715,2020/10/26 15:20:00,628.0,628.0,628.0,628.0,369.0
716,2020/10/26 15:26:00,625.0,625.0,625.0,625.0,50.0
717,2020/10/26 15:28:00,625.0,625.0,625.0,625.0,2.0
718,2020/10/26 15:29:00,625.0,625.0,625.0,625.0,40.0
719,2020/10/27 09:16:00,627.3,627.3,610.05,610.05,4.0
720,2020/10/27 09:17:00,614.95,625.05,614.95,625.0,17.0
721,2020/10/27 09:25:00,621.0,621.0,621.0,621.0,11.0
722,2020/10/27 09:38:00,615.05,615.05,615.05,615.05,1.0
723,2020/10/27 09:40:00,620.95,620.95,620.95,620.95,1.0
724,2020/10/27 10:00:00,610.0,615.0,610.0,615.0,6.0
725,2020/10/27 10:07:00,618.55,618.55,618.55,618.55,2.0
726,2020/10/27 10:15:00,620.95,620.95,620.95,620.95,2.0
727,2020/10/27 10:18:00,620.95,620.95,620.95,620.95,1.0
728,2020/10/27 10:21:00,621.0,621.0,621.0,621.0,5.0
729,2020/10/27 10:53:00,610.1,610.1,610.1,610.1,20.0
730,2020/10/27 10:58:00,620.95,621.0,620.95,621.0,2.0
731,2020/10/27 11:32:00,620.0,620.0,620.0,620.0,1.0
732,2020/10/27 11:51:00,621.0,621.0,621.0,621.0,1.0
733,2020/10/27 12:33:00,618.05,623.85,618.05,623.85,6.0
734,2020/10/27 12:49:00,615.0,615.0,615.0,615.0,2.0
735,2020/10/27 12:52:00,615.0,615.0,615.0,615.0,13.0
736,2020/10/27 12:56:00,615.0,615.0,615.0,615.0,82.0
737,2020/10/27 12:57:00,616.05,622.0,616.05,622.0,136.0
738,2020/10/27 12:58:00,617.05,622.0,613.0,622.0,264.0
739,2020/10/27 12:59:00,616.7,622.4,613.35,622.4,207.0
740,2020/10/27 13:00:00,615.05,616.25,614.75,615.05,97.0
741,2020/10/27 13:01:00,615.05,623.6,615.0,615.1,134.0
742,2020/10/27 13:02:00,615.9,622.9,612.05,622.9,119.0
743,2020/10/27 13:03:00,612.05,623.8,612.05,622.75,100.0
744,2020/10/27 13:05:00,615.2,615.2,615.2,615.2,59.0
745,2020/10/27 13:06:00,620.0,620.0,615.3,615.3,37.0
746,2020/10/27 13:23:00,623.85,623.85,623.85,623.85,5.0
747,2020/10/27 14:19:00,617.3,617.3,616.3,616.3,89.0
748,2020/10/27 14:20:00,621.8,623.0,616.35,619.35,43.0
749,2020/10/27 14:21:00,619.35,621.2,619.35,621.2,208.0
750,2020/10/27 14:22:00,619.35,619.35,619.35,619.35,454.0
751,2020/10/27 14:25:00,623.0,623.0,623.0,623.0,14.0
752,2020/10/27 14:27:00,617.0,617.0,617.0,617.0,25.0
753,2020/10/27 14:31:00,625.0,625.0,625.0,625.0,32.0
754,2020/10/27 14:37:00,617.0,618.0,617.0,617.6,7.0
755,2020/10/27 14:38:00,624.8,624.8,624.35,624.35,98.0
756,2020/10/27 15:01:00,619.25,619.3,619.25,619.3,140.0
757,2020/10/27 15:12:00,619.95,620.0,619.95,620.0,12.0
758,2020/10/27 15:13:00,620.0,620.0,620.0,620.0,1.0
759,2020/10/27 15:16:00,620.0,620.0,620.0,620.0,1.0
760,2020/10/27 15:22:00,615.2,615.2,615.2,615.2,1.0
761,2020/10/27 15:28:00,622.0,622.0,622.0,622.0,4.0
762,2020/10/27 15:29:00,622.0,622.0,622.0,622.0,3.0
763,2020/10/28 09:29:00,617.0,624.8,617.0,618.2,141.0
764,2020/10/28 09:30:00,618.05,628.85,616.2,628.85,134.0
765,2020/10/28 09:31:00,619.2,627.0,619.2,623.0,109.0
766,2020/10/28 09:41:00,627.0,627.0,627.0,627.0,49.0
767,2020/10/28 09:46:00,611.0,611.0,611.0,611.0,13.0
768,2020/10/28 09:47:00,626.0,626.0,619.1,619.6,121.0
769,2020/10/28 10:10:00,619.6,619.6,619.6,619.6,1.0
770,2020/10/28 10:11:00,619.6,619.6,619.6,619.6,4.0
771,2020/10/28 10:25:00,618.55,618.55,618.55,618.55,1.0
772,2020/10/28 10:41:00,615.0,615.0,615.0,615.0,10.0
773,2020/10/28 10:43:00,610.6,610.6,610.6,610.6,30.0
774,2020/10/28 10:51:00,614.5,614.95,614.5,614.95,6.0
775,2020/10/28 10:52:00,619.0,619.0,618.05,618.05,4.0
776,2020/10/28 10:54:00,613.05,613.05,610.7,610.7,10.0
777,2020/10/28 11:38:00,612.2,612.2,612.2,612.2,2.0
778,2020/10/28 12:31:00,612.2,612.2,612.2,612.2,1.0
779,2020/10/28 12:53:00,616.0,616.0,616.0,616.0,1.0
780,2020/10/28 12:54:00,615.05,617.95,615.05,617.0,7.0
781,2020/10/28 12:56:00,609.95,609.95,599.0,599.0,344.0
782,2020/10/28 12:57:00,592.7,592.7,592.7,592.7,15.0
783,2020/10/28 13:02:00,599.85,599.9,599.85,599.9,12.0
784,2020/10/28 13:03:00,599.9,599.9,599.9,599.9,7.0
785,2020/10/28 13:06:00,599.85,599.85,599.85,599.85,3.0
786,2020/10/28 13:10:00,599.85,599.85,599.85,599.85,2.0
787,2020/10/28 13:11:00,599.85,599.85,599.85,599.85,10.0
788,2020/10/28 13:12:00,599.85,599.85,599.85,599.85,15.0
789,2020/10/28 13:13:00,599.85,599.85,599.85,599.85,10.0
790,2020/10/28 13:15:00,599.85,599.85,599.85,599.85,1.0
791,2020/10/28 13:25:00,598.85,598.85,598.8,598.8,204.0
792,2020/10/28 13:26:00,598.8,598.8,589.95,590.0,582.0
793,2020/10/28 13:27:00,589.95,589.95,589.95,589.95,2.0
794,2020/10/28 13:29:00,589.95,589.95,589.95,589.95,5.0
795,2020/10/28 13:30:00,589.95,589.95,589.95,589.95,1.0
796,2020/10/28 13:31:00,589.95,589.95,589.95,589.95,1.0
797,2020/10/28 13:32:00,582.95,590.0,582.95,590.0,574.0
798,2020/10/28 13:34:00,590.0,595.6,590.0,595.0,540.0
799,2020/10/28 13:35:00,594.0,597.55,594.0,597.55,7.0
800,2020/10/28 13:37:00,596.0,596.0,590.0,590.0,39.0
801,2020/10/28 13:38:00,598.95,598.95,584.0,594.0,126.0
802,2020/10/28 13:39:00,595.05,597.95,584.0,596.95,120.0
803,2020/10/28 13:40:00,594.0,594.95,592.0,594.5,36.0
804,2020/10/28 13:41:00,595.95,595.95,594.0,595.95,79.0
805,2020/10/28 13:42:00,594.75,594.8,592.0,592.0,10.0
806,2020/10/28 13:43:00,594.95,594.95,594.95,594.95,1.0
807,2020/10/28 13:44:00,594.95,594.95,594.95,594.95,1.0
808,2020/10/28 13:45:00,594.9,594.9,594.9,594.9,1.0
809,2020/10/28 13:46:00,593.0,594.7,584.0,594.7,105.0
810,2020/10/28 13:47:00,594.0,597.85,590.0,590.0,50.0
811,2020/10/28 13:48:00,589.95,589.95,589.95,589.95,11.0
812,2020/10/28 13:51:00,590.35,590.35,589.95,589.95,61.0
813,2020/10/28 13:54:00,593.75,593.75,593.75,593.75,2.0
814,2020/10/28 13:57:00,590.0,590.0,590.0,590.0,104.0
815,2020/10/28 13:58:00,590.0,590.0,590.0,590.0,3.0
816,2020/10/28 14:01:00,590.0,590.0,590.0,590.0,198.0
817,2020/10/28 14:04:00,591.95,591.95,590.0,590.0,237.0
818,2020/10/28 14:05:00,591.45,592.7,591.45,592.7,21.0
819,2020/10/28 14:06:00,593.0,593.0,593.0,593.0,10.0
820,2020/10/28 14:16:00,593.0,593.75,593.0,593.75,25.0
821,2020/10/28 14:18:00,592.95,595.85,592.95,595.85,17.0
822,2020/10/28 14:19:00,594.05,594.05,594.0,594.0,13.0
823,2020/10/28 14:28:00,594.0,594.0,594.0,594.0,76.0
824,2020/10/28 14:44:00,593.0,593.0,592.95,592.95,16.0
825,2020/10/28 14:48:00,597.0,597.0,597.0,597.0,2.0
826,2020/10/28 14:49:00,597.0,597.0,597.0,597.0,2.0
827,2020/10/28 14:50:00,599.9,599.9,599.85,599.85,26.0
828,2020/10/28 14:51:00,597.95,597.95,597.95,597.95,5.0
829,2020/10/28 14:54:00,597.65,598.95,596.0,596.0,81.0
830,2020/10/28 14:55:00,592.3,595.6,592.3,595.6,274.0
831,2020/10/28 14:56:00,595.6,595.6,595.6,595.6,206.0
832,2020/10/28 15:08:00,593.0,593.0,593.0,593.0,2.0
833,2020/10/28 15:12:00,596.0,596.0,596.0,596.0,2.0
834,2020/10/28 15:14:00,597.75,597.75,595.0,595.0,20.0
835,2020/10/28 15:16:00,597.7,597.7,592.1,592.1,11.0
836,2020/10/28 15:17:00,597.75,597.75,597.75,597.75,20.0
837,2020/10/28 15:24:00,596.8,596.8,595.0,595.0,3.0
838,2020/10/28 15:25:00,595.0,595.0,595.0,595.0,1.0
839,2020/10/28 15:26:00,595.0,596.55,595.0,596.55,9.0
840,2020/10/28 15:27:00,595.0,595.0,593.0,595.0,37.0
841,2020/10/28 15:28:00,593.0,593.0,593.0,593.0,3.0
842,2020/10/28 15:29:00,593.0,593.0,592.35,592.35,169.0
843,2020/10/28 15:50:00,593.9,593.9,593.9,593.9,2.0
844,2020/10/29 09:07:00,590.0,590.0,590.0,590.0,18.0
845,2020/10/29 09:15:00,590.0,590.0,590.0,590.0,0.0
846,2020/10/29 09:17:00,601.95,617.05,601.95,609.95,14.0
847,2020/10/29 09:18:00,603.05,605.05,591.1,591.1,12.0
848,2020/10/29 09:19:00,595.95,627.65,591.05,626.9,45.0
849,2020/10/29 09:20:00,591.15,591.15,591.15,591.15,11.0
850,2020/10/29 09:26:00,599.0,599.0,593.0,599.0,27.0
851,2020/10/29 09:43:00,600.1,600.1,600.1,600.1,60.0
852,2020/10/29 09:50:00,600.05,600.05,600.0,600.0,23.0
853,2020/10/29 09:57:00,600.0,600.0,600.0,600.0,2.0
854,2020/10/29 10:02:00,600.0,617.8,600.0,605.0,112.0
855,2020/10/29 10:03:00,601.6,618.0,601.6,613.95,87.0
856,2020/10/29 10:04:00,611.0,612.95,604.0,612.95,109.0
857,2020/10/29 10:09:00,605.0,608.2,605.0,608.2,2.0
858,2020/10/29 10:10:00,618.0,618.0,605.0,605.0,81.0
859,2020/10/29 10:11:00,605.0,615.0,605.0,610.55,122.0
860,2020/10/29 10:18:00,617.0,617.0,610.0,610.0,54.0
861,2020/10/29 10:19:00,604.0,604.0,604.0,604.0,77.0
862,2020/10/29 10:20:00,611.5,611.5,604.05,604.05,69.0
863,2020/10/29 10:21:00,609.0,609.0,601.1,601.1,69.0
864,2020/10/29 10:22:00,609.0,609.0,609.0,609.0,13.0
865,2020/10/29 10:31:00,608.0,608.0,608.0,608.0,1.0
866,2020/10/29 10:35:00,607.0,607.0,604.0,604.0,6.0
867,2020/10/29 10:36:00,604.0,604.0,604.0,604.0,17.0
868,2020/10/29 10:44:00,609.0,609.0,609.0,609.0,5.0
869,2020/10/29 10:48:00,609.0,609.0,609.0,609.0,1.0
870,2020/10/29 10:52:00,600.0,600.0,600.0,600.0,13.0
871,2020/10/29 10:53:00,606.0,606.0,603.0,603.0,5.0
872,2020/10/29 10:54:00,601.0,601.0,601.0,601.0,8.0
873,2020/10/29 10:55:00,600.0,600.0,600.0,600.0,20.0
874,2020/10/29 11:32:00,607.5,607.5,607.5,607.5,1.0
875,2020/10/29 11:38:00,608.0,608.0,608.0,608.0,30.0
876,2020/10/29 11:39:00,607.5,607.5,607.5,607.5,2.0
877,2020/10/29 11:57:00,593.0,593.0,593.0,593.0,100.0
878,2020/10/29 11:58:00,596.05,596.05,596.05,596.05,100.0
879,2020/10/29 11:59:00,596.3,596.4,596.3,596.4,170.0
880,2020/10/29 12:03:00,607.95,607.95,607.95,607.95,5.0
881,2020/10/29 12:07:00,607.95,607.95,607.95,607.95,50.0
882,2020/10/29 12:15:00,608.0,608.0,608.0,608.0,8.0
883,2020/10/29 12:56:00,596.65,596.65,596.65,596.65,19.0
884,2020/10/29 13:08:00,607.55,607.55,607.55,607.55,1.0
885,2020/10/29 13:13:00,607.4,607.4,607.4,607.4,50.0
886,2020/10/29 13:38:00,606.95,606.95,606.95,606.95,10.0
887,2020/10/29 14:04:00,606.0,606.95,606.0,606.95,31.0
888,2020/10/29 14:06:00,606.95,606.95,606.95,606.95,50.0
889,2020/10/29 14:07:00,606.95,606.95,606.95,606.95,1.0
890,2020/10/29 14:08:00,606.95,606.95,606.95,606.95,3.0
891,2020/10/29 14:13:00,619.8,619.8,619.8,619.8,30.0
892,2020/10/29 14:28:00,598.4,598.4,598.4,598.4,10.0
893,2020/10/29 14:52:00,608.25,608.25,608.25,608.25,10.0
894,2020/10/29 14:55:00,608.25,608.25,608.25,608.25,18.0
895,2020/10/29 15:17:00,619.45,619.45,619.45,619.45,10.0
896,2020/10/29 15:18:00,619.4,619.4,602.6,602.6,22.0
897,2020/10/29 15:20:00,619.95,619.95,619.95,619.95,20.0
898,2020/10/29 15:21:00,620.0,620.0,620.0,620.0,40.0
899,2020/10/29 15:26:00,619.0,619.0,619.0,619.0,2.0
900,2020/10/29 15:28:00,619.0,619.0,619.0,619.0,4.0
901,2020/10/29 15:29:00,620.0,620.0,620.0,620.0,24.0
902,2020/10/30 09:15:00,605.0,625.0,598.05,598.05,156.0
903,2020/10/30 09:17:00,614.0,620.0,603.95,606.0,48.0
904,2020/10/30 09:18:00,607.0,610.05,607.0,610.05,4.0
905,2020/10/30 09:19:00,614.05,615.0,606.2,606.2,19.0
906,2020/10/30 09:20:00,608.95,615.95,607.75,615.95,10.0
907,2020/10/30 09:22:00,610.15,610.15,610.15,610.15,1.0
908,2020/10/30 09:23:00,618.0,619.8,610.4,614.0,12.0
909,2020/10/30 09:26:00,614.95,614.95,614.95,614.95,2.0
910,2020/10/30 09:27:00,618.0,618.0,618.0,618.0,1.0
911,2020/10/30 09:28:00,616.05,619.75,611.0,612.2,81.0
912,2020/10/30 09:31:00,617.5,619.0,617.5,619.0,3.0
913,2020/10/30 09:34:00,616.95,618.85,616.8,618.85,10.0
914,2020/10/30 09:35:00,614.05,614.05,611.65,613.0,19.0
915,2020/10/30 09:36:00,611.0,618.95,611.0,618.95,13.0
916,2020/10/30 09:37:00,617.85,617.85,610.1,617.6,107.0
917,2020/10/30 09:38:00,617.0,617.45,612.05,617.45,3.0
918,2020/10/30 09:39:00,612.55,615.0,611.05,611.05,13.0
919,2020/10/30 09:53:00,609.1,609.1,609.1,609.1,72.0
920,2020/10/30 09:54:00,614.0,614.0,605.05,605.05,64.0
921,2020/10/30 09:57:00,609.95,609.95,609.95,609.95,7.0
922,2020/10/30 10:02:00,610.0,610.0,610.0,610.0,1.0
923,2020/10/30 10:38:00,608.15,608.15,608.15,608.15,1.0
924,2020/10/30 10:39:00,608.15,608.15,608.15,608.15,1.0
925,2020/10/30 10:40:00,608.15,608.15,608.15,608.15,1.0
926,2020/10/30 11:05:00,608.0,608.0,608.0,608.0,7.0
927,2020/10/30 11:07:00,608.0,608.0,608.0,608.0,2.0
928,2020/10/30 11:08:00,608.0,608.0,604.35,604.35,9.0
929,2020/10/30 11:09:00,601.0,601.0,601.0,601.0,5.0
930,2020/10/30 11:13:00,601.0,601.0,601.0,601.0,1.0
931,2020/10/30 11:25:00,601.0,601.0,601.0,601.0,5.0
932,2020/10/30 11:30:00,608.0,608.0,608.0,608.0,7.0
933,2020/10/30 11:34:00,607.0,607.0,607.0,607.0,30.0
934,2020/10/30 11:42:00,602.2,604.5,602.2,604.5,16.0
935,2020/10/30 11:47:00,604.0,604.0,604.0,604.0,1.0
936,2020/10/30 11:55:00,604.0,604.0,604.0,604.0,3.0
937,2020/10/30 12:33:00,607.8,607.8,607.8,607.8,4.0
938,2020/10/30 12:42:00,607.75,607.75,605.0,605.0,145.0
939,2020/10/30 12:43:00,605.1,605.1,604.95,604.95,109.0
940,2020/10/30 12:46:00,604.95,604.95,604.95,604.95,2.0
941,2020/10/30 12:47:00,604.95,605.0,604.95,605.0,2.0
942,2020/10/30 12:55:00,604.95,604.95,604.95,604.95,5.0
943,2020/10/30 13:03:00,604.95,604.95,604.95,604.95,2.0
944,2020/10/30 13:23:00,602.0,602.0,602.0,602.0,3.0
945,2020/10/30 13:26:00,602.0,602.0,602.0,602.0,27.0
946,2020/10/30 13:28:00,602.0,602.0,601.55,601.55,15.0
947,2020/10/30 13:29:00,600.0,600.0,600.0,600.0,4.0
948,2020/10/30 13:51:00,608.15,608.15,608.15,608.15,587.0
949,2020/10/30 13:52:00,608.15,608.15,608.15,608.15,17.0
950,2020/10/30 13:59:00,599.45,599.45,598.55,598.55,5.0
951,2020/10/30 14:06:00,603.0,609.05,603.0,605.95,24.0
952,2020/10/30 14:07:00,612.0,612.0,606.95,606.95,8.0
953,2020/10/30 14:24:00,610.0,610.0,610.0,610.0,1.0
954,2020/10/30 14:31:00,609.0,609.0,609.0,609.0,10.0
955,2020/10/30 14:34:00,605.0,605.0,605.0,605.0,20.0
956,2020/10/30 14:45:00,605.0,605.0,605.0,605.0,1.0
957,2020/10/30 15:03:00,605.05,605.05,605.05,605.05,1.0
958,2020/10/30 15:11:00,605.0,605.0,605.0,605.0,80.0
959,2020/10/30 15:14:00,602.95,602.95,602.95,602.95,4.0
960,2020/10/30 15:19:00,604.95,604.95,604.95,604.95,8.0
961,2020/10/30 15:21:00,604.9,604.9,604.9,604.9,1.0
962,2020/10/30 15:25:00,598.6,598.6,598.6,598.6,1.0
963,2020/10/30 15:29:00,599.0,599.0,599.0,599.0,10.0
964,2020/11/02 09:15:00,622.95,625.0,622.95,625.0,50.0
965,2020/11/02 09:16:00,619.0,619.0,605.05,605.05,123.0
966,2020/11/02 09:22:00,618.05,618.05,611.0,617.0,14.0
967,2020/11/02 09:23:00,611.95,620.0,611.95,620.0,12.0
968,2020/11/02 09:24:00,620.0,620.0,620.0,620.0,1.0
969,2020/11/02 09:38:00,610.2,610.2,610.2,610.2,12.0
970,2020/11/02 09:45:00,610.25,610.25,610.25,610.25,1.0
971,2020/11/02 10:07:00,610.2,610.2,610.2,610.2,25.0
972,2020/11/02 10:11:00,610.0,610.0,610.0,610.0,10.0
973,2020/11/02 10:29:00,605.25,605.25,605.25,605.25,10.0
974,2020/11/02 10:30:00,610.0,610.0,610.0,610.0,10.0
975,2020/11/02 10:38:00,610.0,610.0,610.0,610.0,10.0
976,2020/11/02 10:55:00,607.0,607.0,607.0,607.0,1.0
977,2020/11/02 11:17:00,607.0,607.0,607.0,607.0,2.0
978,2020/11/02 11:35:00,606.35,606.35,606.35,606.35,120.0
979,2020/11/02 11:36:00,606.95,606.95,606.95,606.95,4.0
980,2020/11/02 11:59:00,610.0,610.0,610.0,610.0,18.0
981,2020/11/02 12:04:00,605.05,605.05,605.05,605.05,50.0
982,2020/11/02 12:37:00,605.05,605.05,605.05,605.05,25.0
983,2020/11/02 12:44:00,605.95,605.95,605.95,605.95,10.0
984,2020/11/02 13:07:00,605.05,605.05,605.05,605.05,3.0
985,2020/11/02 13:45:00,604.0,604.0,604.0,604.0,5.0
986,2020/11/02 13:47:00,595.15,595.15,595.15,595.15,2.0
987,2020/11/02 14:07:00,595.3,595.3,595.3,595.3,40.0
988,2020/11/02 14:27:00,603.75,603.75,603.75,603.75,5.0
989,2020/11/02 15:13:00,595.45,595.45,595.45,595.45,9.0
990,2020/11/02 15:25:00,595.45,595.45,595.45,595.45,25.0
991,2020/11/02 15:28:00,595.45,595.45,595.45,595.45,6.0
992,2020/11/02 15:29:00,595.45,595.45,595.45,595.45,3.0
993,2020/11/03 09:15:00,600.95,601.35,600.95,601.35,28.0
994,2020/11/03 09:17:00,614.5,614.5,600.0,605.0,33.0
995,2020/11/03 09:18:00,605.6,605.6,605.6,605.6,84.0
996,2020/11/03 09:19:00,619.95,619.95,619.95,619.95,24.0
997,2020/11/03 09:22:00,619.9,619.9,619.9,619.9,30.0
998,2020/11/03 09:28:00,601.35,601.35,601.35,601.35,1.0
999,2020/11/03 09:29:00,614.9,614.9,614.9,614.9,1.0
1000,2020/11/03 09:30:00,601.75,608.05,601.75,601.8,98.0
1001,2020/11/03 09:32:00,601.8,601.8,601.8,601.8,2.0
1002,2020/11/03 09:33:00,609.9,609.9,609.9,609.9,1.0
1003,2020/11/03 09:41:00,603.45,606.0,603.45,605.05,11.0
1004,2020/11/03 09:42:00,603.0,609.55,603.0,609.55,5.0
1005,2020/11/03 09:50:00,602.55,602.55,602.55,602.55,1.0
1006,2020/11/03 10:17:00,602.0,602.0,602.0,602.0,25.0
1007,2020/11/03 10:33:00,605.95,605.95,601.8,601.8,17.0
1008,2020/11/03 10:40:00,606.0,606.0,606.0,606.0,5.0
1009,2020/11/03 12:21:00,600.0,600.0,600.0,600.0,78.0
1010,2020/11/03 12:34:00,600.0,600.0,600.0,600.0,1.0
1011,2020/11/03 12:45:00,600.0,600.0,600.0,600.0,1.0
1012,2020/11/03 13:15:00,595.3,595.3,595.3,595.3,15.0
1013,2020/11/03 13:30:00,595.6,595.6,595.6,595.6,2.0
1014,2020/11/03 13:45:00,595.6,595.6,595.6,595.6,5.0
1015,2020/11/03 14:10:00,601.85,601.85,596.1,596.1,139.0
1016,2020/11/03 14:23:00,596.0,596.0,595.0,595.0,157.0
1017,2020/11/03 14:24:00,588.3,588.3,582.0,584.0,251.0
1018,2020/11/03 14:28:00,581.5,594.75,581.5,594.75,11.0
1019,2020/11/03 14:41:00,594.65,594.65,594.65,594.65,5.0
1020,2020/11/03 14:44:00,594.65,594.65,594.65,594.65,11.0
1021,2020/11/03 15:13:00,575.95,575.95,575.95,575.95,85.0
1022,2020/11/03 15:14:00,581.85,581.85,581.85,581.85,1.0
1023,2020/11/03 15:15:00,576.05,576.05,576.05,576.05,25.0
1024,2020/11/03 15:17:00,580.0,580.0,580.0,580.0,5.0
1025,2020/11/03 15:18:00,575.0,575.0,575.0,575.0,43.0
1026,2020/11/03 15:21:00,580.0,580.0,580.0,580.0,2.0
1027,2020/11/03 15:22:00,580.0,580.0,580.0,580.0,12.0
1028,2020/11/03 15:23:00,584.95,584.95,581.55,581.55,8.0
1029,2020/11/03 15:24:00,588.95,588.95,588.95,588.95,10.0
1030,2020/11/03 15:27:00,588.0,588.0,588.0,588.0,34.0
1031,2020/11/03 15:29:00,588.0,594.0,588.0,594.0,32.0
1032,2020/11/03 15:44:00,583.0,583.0,583.0,583.0,20.0
1033,2020/11/04 09:16:00,612.95,612.95,612.95,612.95,2.0
1034,2020/11/04 09:17:00,595.25,595.25,595.25,595.25,2.0
1035,2020/11/04 09:25:00,599.05,599.25,599.05,599.25,3.0
1036,2020/11/04 09:30:00,595.3,595.3,595.3,595.3,10.0
1037,2020/11/04 09:36:00,609.95,609.95,609.5,609.5,17.0
1038,2020/11/04 09:39:00,596.6,596.6,596.6,596.6,5.0
1039,2020/11/04 09:45:00,599.95,599.95,599.95,599.95,11.0
1040,2020/11/04 09:46:00,595.05,595.05,595.05,595.05,6.0
1041,2020/11/04 09:50:00,599.95,599.95,599.95,599.95,1.0
1042,2020/11/04 09:56:00,596.0,596.0,596.0,596.0,1.0
1043,2020/11/04 09:58:00,600.0,600.0,600.0,600.0,20.0
1044,2020/11/04 10:06:00,596.05,596.05,596.05,596.05,1.0
1045,2020/11/04 10:08:00,604.65,604.65,604.65,604.65,1.0
1046,2020/11/04 10:11:00,596.05,596.05,596.05,596.05,5.0
1047,2020/11/04 10:22:00,604.2,604.2,604.2,604.2,5.0
1048,2020/11/04 10:36:00,596.05,596.05,596.05,596.05,2.0
1049,2020/11/04 10:43:00,603.95,603.95,603.95,603.95,1.0
1050,2020/11/04 10:50:00,597.05,597.05,597.05,597.05,4.0
1051,2020/11/04 10:52:00,597.0,603.85,597.0,603.85,5.0
1052,2020/11/04 10:53:00,600.0,600.0,600.0,600.0,1.0
1053,2020/11/04 11:05:00,590.0,590.0,590.0,590.0,20.0
1054,2020/11/04 11:06:00,600.95,600.95,600.95,600.95,1.0
1055,2020/11/04 11:29:00,599.95,599.95,599.95,599.95,1.0
1056,2020/11/04 12:07:00,599.25,599.25,599.25,599.25,5.0
1057,2020/11/04 12:09:00,599.0,599.0,599.0,599.0,5.0
1058,2020/11/04 12:11:00,597.25,597.25,597.25,597.25,2.0
1059,2020/11/04 12:36:00,590.05,590.05,590.05,590.05,1.0
1060,2020/11/04 12:42:00,592.15,597.0,592.15,595.95,11.0
1061,2020/11/04 12:43:00,594.0,595.95,594.0,595.95,6.0
1062,2020/11/04 13:16:00,594.1,594.1,594.1,594.1,1.0
1063,2020/11/04 13:20:00,594.05,594.05,594.05,594.05,1.0
1064,2020/11/04 14:47:00,596.05,596.05,596.05,596.05,1.0
1065,2020/11/04 14:49:00,596.05,596.05,596.05,596.05,1.0
1066,2020/11/04 14:57:00,597.0,597.0,597.0,597.0,18.0
1067,2020/11/04 14:58:00,594.05,594.05,594.0,594.0,2.0
1068,2020/11/04 15:10:00,600.0,600.0,600.0,600.0,9.0
1069,2020/11/04 15:26:00,600.0,600.0,600.0,600.0,10.0
1070,2020/11/04 15:28:00,600.0,600.0,600.0,600.0,15.0
1071,2020/11/05 09:24:00,615.0,615.0,601.0,612.95,60.0
1072,2020/11/05 09:25:00,612.9,612.9,612.0,612.0,312.0
1073,2020/11/05 09:26:00,603.6,603.6,595.0,595.0,273.0
1074,2020/11/05 09:27:00,597.55,604.95,596.0,604.8,86.0
1075,2020/11/05 09:28:00,603.0,603.0,603.0,603.0,7.0
1076,2020/11/05 09:35:00,595.0,595.0,595.0,595.0,10.0
1077,2020/11/05 09:37:00,600.0,600.0,600.0,600.0,2.0
1078,2020/11/05 09:40:00,600.0,600.0,600.0,600.0,1.0
1079,2020/11/05 09:48:00,600.0,600.0,600.0,600.0,4.0
1080,2020/11/05 09:56:00,597.5,597.5,597.5,597.5,12.0
1081,2020/11/05 10:05:00,597.5,597.5,597.5,597.5,14.0
1082,2020/11/05 10:12:00,601.0,601.0,601.0,601.0,11.0
1083,2020/11/05 10:14:00,600.0,600.0,600.0,600.0,701.0
1084,2020/11/05 10:18:00,601.0,601.0,601.0,601.0,15.0
1085,2020/11/05 10:20:00,602.95,607.0,602.95,606.05,6.0
1086,2020/11/05 10:21:00,600.0,600.0,600.0,600.0,2.0
1087,2020/11/05 10:29:00,600.0,600.0,600.0,600.0,15.0
1088,2020/11/05 10:31:00,600.0,600.0,600.0,600.0,7.0
1089,2020/11/05 11:01:00,600.0,600.0,600.0,600.0,97.0
1090,2020/11/05 12:02:00,600.0,600.0,600.0,600.0,3.0
1091,2020/11/05 12:22:00,601.95,601.95,600.0,600.0,7.0
1092,2020/11/05 12:24:00,600.0,600.0,600.0,600.0,58.0
1093,2020/11/05 12:45:00,600.0,600.0,600.0,600.0,200.0
1094,2020/11/05 12:51:00,600.0,600.0,600.0,600.0,200.0
1095,2020/11/05 12:52:00,600.0,600.0,600.0,600.0,150.0
1096,2020/11/05 13:10:00,596.2,596.2,596.2,596.2,10.0
1097,2020/11/05 13:39:00,600.0,600.0,600.0,600.0,397.0
1098,2020/11/05 13:52:00,602.0,602.0,602.0,602.0,1.0
1099,2020/11/05 14:04:00,591.05,591.05,591.05,591.05,224.0
1100,2020/11/05 14:05:00,591.9,591.9,591.9,591.9,5.0
1101,2020/11/05 14:08:00,599.65,599.65,599.65,599.65,3.0
1102,2020/11/05 14:10:00,599.65,599.65,599.65,599.65,10.0
1103,2020/11/05 14:23:00,592.65,592.65,592.65,592.65,3.0
1104,2020/11/05 14:44:00,602.9,602.9,602.9,602.9,60.0
1105,2020/11/05 14:46:00,600.0,600.0,600.0,600.0,1.0
1106,2020/11/05 15:23:00,601.0,601.0,601.0,601.0,7.0
1107,2020/11/05 15:27:00,599.0,599.0,599.0,599.0,30.0
1108,2020/11/06 09:15:00,599.85,609.0,599.85,609.0,16.0
1109,2020/11/06 09:16:00,609.0,609.0,590.0,609.0,41.0
1110,2020/11/06 09:18:00,608.0,608.0,608.0,608.0,60.0
1111,2020/11/06 09:19:00,615.0,615.0,595.0,595.0,182.0
1112,2020/11/06 09:20:00,615.0,615.0,595.65,597.5,144.0
1113,2020/11/06 09:21:00,615.0,615.0,595.7,614.0,108.0
1114,2020/11/06 09:22:00,614.5,614.5,612.95,612.95,53.0
1115,2020/11/06 09:26:00,600.05,600.05,600.05,600.05,20.0
1116,2020/11/06 09:30:00,612.45,612.45,612.45,612.45,21.0
1117,2020/11/06 09:37:00,600.3,600.3,600.3,600.3,10.0
1118,2020/11/06 09:47:00,610.75,610.75,610.75,610.75,1.0
1119,2020/11/06 09:48:00,610.8,610.8,610.8,610.8,10.0
1120,2020/11/06 09:55:00,612.5,612.5,612.5,612.5,50.0
1121,2020/11/06 10:00:00,612.25,612.25,612.25,612.25,1.0
1122,2020/11/06 10:02:00,605.0,605.0,604.9,604.9,15.0
1123,2020/11/06 10:04:00,603.05,603.05,603.05,603.05,1.0
1124,2020/11/06 10:09:00,603.05,603.05,603.05,603.05,10.0
1125,2020/11/06 10:18:00,608.0,608.0,608.0,608.0,35.0
1126,2020/11/06 10:20:00,611.85,611.85,611.85,611.85,10.0
1127,2020/11/06 10:30:00,608.0,608.0,608.0,608.0,20.0
1128,2020/11/06 10:31:00,608.7,608.7,608.7,608.7,5.0
1129,2020/11/06 10:33:00,608.15,608.15,608.15,608.15,10.0
1130,2020/11/06 10:34:00,608.7,608.7,608.7,608.7,5.0
1131,2020/11/06 10:35:00,608.45,608.45,608.45,608.45,2.0
1132,2020/11/06 10:38:00,611.0,611.0,611.0,611.0,25.0
1133,2020/11/06 10:43:00,610.95,610.95,610.95,610.95,1.0
1134,2020/11/06 10:44:00,608.0,608.0,608.0,608.0,30.0
1135,2020/11/06 10:46:00,608.0,608.0,608.0,608.0,29.0
1136,2020/11/06 10:47:00,608.05,608.05,608.05,608.05,5.0
1137,2020/11/06 10:53:00,604.2,604.2,604.2,604.2,13.0
1138,2020/11/06 11:11:00,610.15,610.15,610.15,610.15,4.0
1139,2020/11/06 11:33:00,605.1,605.1,605.1,605.1,2.0
1140,2020/11/06 11:35:00,610.95,610.95,610.95,610.95,40.0
1141,2020/11/06 11:46:00,611.0,611.0,611.0,611.0,49.0
1142,2020/11/06 12:05:00,611.0,611.0,611.0,611.0,50.0
1143,2020/11/06 12:10:00,612.0,612.0,612.0,612.0,50.0
1144,2020/11/06 12:29:00,612.0,612.0,612.0,612.0,100.0
1145,2020/11/06 12:30:00,612.0,612.0,612.0,612.0,1.0
1146,2020/11/06 12:40:00,612.0,615.35,612.0,615.35,293.0
1147,2020/11/06 12:41:00,618.0,620.0,618.0,618.05,154.0
1148,2020/11/06 12:42:00,620.05,638.7,620.0,638.7,931.0
1149,2020/11/06 12:43:00,626.35,630.0,625.0,625.0,387.0
1150,2020/11/06 12:44:00,638.7,639.0,607.1,633.0,319.0
1151,2020/11/06 12:45:00,634.0,638.7,634.0,638.7,424.0
1152,2020/11/06 12:46:00,638.5,638.5,632.05,632.1,415.0
1153,2020/11/06 12:47:00,637.5,639.0,632.05,632.05,834.0
1154,2020/11/06 12:48:00,632.05,632.1,625.0,632.1,136.0
1155,2020/11/06 12:49:00,631.85,636.0,631.4,636.0,148.0
1156,2020/11/06 12:50:00,636.0,636.95,633.3,636.95,381.0
1157,2020/11/06 12:51:00,637.5,637.5,635.0,635.0,183.0
1158,2020/11/06 12:52:00,632.0,635.0,632.0,635.0,248.0
1159,2020/11/06 12:53:00,637.0,637.35,635.3,635.3,204.0
1160,2020/11/06 12:54:00,635.0,635.0,634.0,634.0,44.0
1161,2020/11/06 12:55:00,634.95,634.95,634.95,634.95,10.0
1162,2020/11/06 12:56:00,634.0,634.0,632.3,632.3,91.0
1163,2020/11/06 12:57:00,632.0,632.05,632.0,632.05,20.0
1164,2020/11/06 12:58:00,632.05,632.05,631.85,631.85,32.0
1165,2020/11/06 12:59:00,631.85,632.55,622.65,622.65,87.0
1166,2020/11/06 13:00:00,622.65,622.65,619.65,619.65,90.0
1167,2020/11/06 13:01:00,624.55,625.3,624.55,625.3,16.0
1168,2020/11/06 13:02:00,625.15,625.15,625.15,625.15,2.0
1169,2020/11/06 13:03:00,630.1,630.95,625.15,625.15,8.0
1170,2020/11/06 13:04:00,623.05,623.05,605.0,605.0,222.0
1171,2020/11/06 13:05:00,620.05,622.0,611.65,622.0,63.0
1172,2020/11/06 13:06:00,621.85,621.85,620.0,620.0,2.0
1173,2020/11/06 13:09:00,619.25,621.25,619.25,621.25,16.0
1174,2020/11/06 13:10:00,620.0,620.0,620.0,620.0,6.0
1175,2020/11/06 13:11:00,622.05,622.05,622.05,622.05,5.0
1176,2020/11/06 13:12:00,622.05,622.05,622.05,622.05,1.0
1177,2020/11/06 13:13:00,623.0,623.0,623.0,623.0,28.0
1178,2020/11/06 13:15:00,621.25,621.25,621.25,621.25,8.0
1179,2020/11/06 13:16:00,621.25,621.25,621.25,621.25,1.0
1180,2020/11/06 13:18:00,621.25,624.95,621.25,624.95,15.0
1181,2020/11/06 13:19:00,617.95,618.0,615.8,615.8,168.0
1182,2020/11/06 13:20:00,620.0,620.0,620.0,620.0,1.0
1183,2020/11/06 13:21:00,620.0,620.0,620.0,620.0,1.0
1184,2020/11/06 13:22:00,623.85,623.9,623.85,623.9,11.0
1185,2020/11/06 13:26:00,622.9,622.9,622.9,622.9,100.0
1186,2020/11/06 13:28:00,611.05,611.05,611.05,611.05,100.0
1187,2020/11/06 13:29:00,623.95,623.95,623.95,623.95,20.0
1188,2020/11/06 13:41:00,620.0,620.0,615.5,615.5,18.0
1189,2020/11/06 13:42:00,611.0,618.35,611.0,618.35,99.0
1190,2020/11/06 13:43:00,615.0,618.25,615.0,618.25,4.0
1191,2020/11/06 13:45:00,616.35,620.0,616.05,620.0,111.0
1192,2020/11/06 13:47:00,619.95,619.95,619.95,619.95,1.0
1193,2020/11/06 13:49:00,619.95,619.95,619.95,619.95,1.0
1194,2020/11/06 13:51:00,619.95,622.9,619.95,622.9,208.0
1195,2020/11/06 13:53:00,612.05,620.15,612.05,620.15,15.0
1196,2020/11/06 13:55:00,622.95,622.95,622.95,622.95,65.0
1197,2020/11/06 13:58:00,620.0,620.0,620.0,620.0,10.0
1198,2020/11/06 14:02:00,622.3,622.3,622.3,622.3,5.0
1199,2020/11/06 14:04:00,620.0,620.0,620.0,620.0,5.0
1200,2020/11/06 14:06:00,619.95,619.95,619.95,619.95,52.0
1201,2020/11/06 14:08:00,619.95,619.95,619.95,619.95,14.0
1202,2020/11/06 14:09:00,619.9,619.9,619.9,619.9,1.0
1203,2020/11/06 14:11:00,619.9,619.9,618.0,618.0,9.0
1204,2020/11/06 14:14:00,615.0,615.0,615.0,615.0,78.0
1205,2020/11/06 14:15:00,614.95,614.95,614.95,614.95,10.0
1206,2020/11/06 14:18:00,610.3,610.3,609.95,610.0,86.0
1207,2020/11/06 14:19:00,608.05,608.05,605.0,605.0,75.0
1208,2020/11/06 14:27:00,613.5,613.5,613.5,613.5,2.0
1209,2020/11/06 14:30:00,610.95,610.95,610.95,610.95,5.0
1210,2020/11/06 14:32:00,608.0,608.0,608.0,608.0,32.0
1211,2020/11/06 14:34:00,607.05,608.0,607.05,608.0,92.0
1212,2020/11/06 14:36:00,606.15,606.15,606.0,606.0,40.0
1213,2020/11/06 14:40:00,606.0,606.0,606.0,606.0,21.0
1214,2020/11/06 14:42:00,606.0,606.85,606.0,606.85,57.0
1215,2020/11/06 14:44:00,605.95,605.95,605.95,605.95,15.0
1216,2020/11/06 14:45:00,605.85,606.55,605.85,606.55,31.0
1217,2020/11/06 14:46:00,606.0,606.0,606.0,606.0,20.0
1218,2020/11/06 14:47:00,605.5,605.5,605.5,605.5,39.0
1219,2020/11/06 14:50:00,605.5,605.5,605.5,605.5,50.0
1220,2020/11/06 14:51:00,606.4,606.4,605.5,606.3,453.0
1221,2020/11/06 14:52:00,606.3,606.3,606.3,606.3,35.0
1222,2020/11/06 14:53:00,607.55,607.55,607.55,607.55,1.0
1223,2020/11/06 15:05:00,605.0,605.0,604.95,604.95,221.0
1224,2020/11/06 15:07:00,605.0,605.0,605.0,605.0,50.0
1225,2020/11/06 15:08:00,604.7,604.7,604.7,604.7,2.0
1226,2020/11/06 15:09:00,604.7,605.0,604.7,605.0,39.0
1227,2020/11/06 15:10:00,605.0,605.0,605.0,605.0,75.0
1228,2020/11/06 15:11:00,605.0,605.0,605.0,605.0,102.0
1229,2020/11/06 15:12:00,610.0,614.0,610.0,614.0,38.0
1230,2020/11/06 15:13:00,614.0,619.0,614.0,619.0,5.0
1231,2020/11/06 15:14:00,619.0,619.0,613.5,613.5,22.0
1232,2020/11/06 15:15:00,613.0,613.0,611.65,611.65,4.0
1233,2020/11/06 15:16:00,607.0,607.0,607.0,607.0,111.0
1234,2020/11/06 15:19:00,611.9,611.9,611.9,611.9,38.0
1235,2020/11/06 15:23:00,608.25,610.8,608.25,610.8,28.0
1236,2020/11/06 15:25:00,610.0,610.0,610.0,610.0,16.0
1237,2020/11/06 15:27:00,608.25,608.25,608.25,608.25,5.0
1238,2020/11/06 15:28:00,612.0,612.0,612.0,612.0,100.0
1239,2020/11/09 09:15:00,620.0,620.0,618.0,618.0,59.0
1240,2020/11/09 09:17:00,620.0,620.0,620.0,620.0,75.0
1241,2020/11/09 09:19:00,620.0,620.0,620.0,620.0,10.0
1242,2020/11/09 09:20:00,617.05,617.05,617.05,617.05,2.0
1243,2020/11/09 09:27:00,620.0,620.0,617.05,617.05,21.0
1244,2020/11/09 09:30:00,617.3,617.3,617.3,617.3,16.0
1245,2020/11/09 09:31:00,618.0,620.0,618.0,620.0,14.0
1246,2020/11/09 09:32:00,608.2,608.2,605.05,608.2,61.0
1247,2020/11/09 09:33:00,618.0,618.0,618.0,618.0,10.0
1248,2020/11/09 09:34:00,610.0,619.75,610.0,619.75,17.0
1249,2020/11/09 09:36:00,610.0,610.0,610.0,610.0,8.0
1250,2020/11/09 10:00:00,619.35,619.35,619.35,619.35,1.0
1251,2020/11/09 10:05:00,619.0,619.0,619.0,619.0,16.0
1252,2020/11/09 10:10:00,612.0,618.7,612.0,618.7,22.0
1253,2020/11/09 10:17:00,617.95,617.95,617.95,617.95,1.0
1254,2020/11/09 10:31:00,617.95,617.95,617.95,617.95,49.0
1255,2020/11/09 10:51:00,617.45,617.45,617.45,617.45,2.0
1256,2020/11/09 10:52:00,617.45,617.45,617.45,617.45,8.0
1257,2020/11/09 11:03:00,611.2,611.2,611.2,611.2,30.0
1258,2020/11/09 11:05:00,611.3,611.3,611.3,611.3,15.0
1259,2020/11/09 11:09:00,611.3,611.3,611.3,611.3,35.0
1260,2020/11/09 11:18:00,606.05,606.05,606.05,606.05,60.0
1261,2020/11/09 11:37:00,606.2,606.2,606.2,606.2,2.0
1262,2020/11/09 13:22:00,613.45,613.45,613.45,613.45,4.0
1263,2020/11/09 13:37:00,607.15,607.15,607.15,607.15,20.0
1264,2020/11/09 13:44:00,612.75,612.75,612.75,612.75,1.0
1265,2020/11/09 14:00:00,608.0,608.0,608.0,608.0,20.0
1266,2020/11/09 15:00:00,608.0,608.0,608.0,608.0,5.0
1267,2020/11/09 15:11:00,611.85,611.85,611.85,611.85,1.0
1268,2020/11/09 15:13:00,609.0,609.0,607.5,607.5,38.0
1269,2020/11/09 15:16:00,607.5,607.5,607.5,607.5,10.0
1270,2020/11/09 15:27:00,607.5,607.5,607.5,607.5,13.0
1271,2020/11/09 15:28:00,606.05,613.0,606.05,613.0,63.0
1272,2020/11/10 09:15:00,590.1,590.1,590.1,590.1,148.0
1273,2020/11/10 09:19:00,614.0,614.95,607.5,607.5,91.0
1274,2020/11/10 09:20:00,607.0,607.0,607.0,607.0,3.0
1275,2020/11/10 09:22:00,607.0,607.0,607.0,607.0,10.0
1276,2020/11/10 09:26:00,615.0,619.95,615.0,619.95,192.0
1277,2020/11/10 09:28:00,624.8,625.35,615.0,615.0,367.0
1278,2020/11/10 09:29:00,620.0,627.65,620.0,627.65,49.0
1279,2020/11/10 09:30:00,630.0,630.0,627.6,627.6,104.0
1280,2020/11/10 09:31:00,629.0,629.0,629.0,629.0,100.0
1281,2020/11/10 09:32:00,628.0,628.0,621.0,621.0,215.0
1282,2020/11/10 09:33:00,630.0,640.05,630.0,640.0,700.0
1283,2020/11/10 09:34:00,640.0,643.25,615.1,634.1,2939.0
1284,2020/11/10 09:35:00,634.1,635.95,631.2,635.0,2297.0
1285,2020/11/10 09:36:00,636.0,639.0,635.0,636.95,1725.0
1286,2020/11/10 09:37:00,636.95,640.0,635.0,640.0,1672.0
1287,2020/11/10 09:38:00,640.95,641.0,639.0,640.0,1228.0
1288,2020/11/10 09:39:00,640.8,646.0,640.8,646.0,1474.0
1289,2020/11/10 09:40:00,648.7,648.7,645.0,648.7,705.0
1290,2020/11/10 09:41:00,646.05,650.0,645.2,648.95,993.0
1291,2020/11/10 09:42:00,648.9,648.9,645.0,645.0,460.0
1292,2020/11/10 09:43:00,642.25,644.0,642.25,644.0,28.0
1293,2020/11/10 09:44:00,642.55,645.0,642.0,642.05,410.0
1294,2020/11/10 09:45:00,642.15,648.0,642.1,642.2,322.0
1295,2020/11/10 09:46:00,642.15,642.15,642.15,642.15,48.0
1296,2020/11/10 09:47:00,642.2,644.6,642.2,642.25,88.0
1297,2020/11/10 09:48:00,642.25,642.25,642.25,642.25,53.0
1298,2020/11/10 09:49:00,642.5,642.5,642.5,642.5,70.0
1299,2020/11/10 09:50:00,642.0,642.0,642.0,642.0,988.0
1300,2020/11/10 09:51:00,642.0,644.95,642.0,644.95,37.0
1301,2020/11/10 09:52:00,644.95,644.95,642.05,642.05,2.0
1302,2020/11/10 09:53:00,641.0,643.75,641.0,643.75,122.0
1303,2020/11/10 09:54:00,643.75,643.75,641.0,641.0,88.0
1304,2020/11/10 09:55:00,643.7,643.7,641.0,643.65,61.0
1305,2020/11/10 09:56:00,641.0,641.0,640.8,640.8,104.0
1306,2020/11/10 09:57:00,640.0,640.0,640.0,640.0,181.0
1307,2020/11/10 09:58:00,640.0,640.0,635.2,635.2,320.0
1308,2020/11/10 09:59:00,642.75,642.75,642.75,642.75,1.0
1309,2020/11/10 10:00:00,637.15,637.15,637.15,637.15,1.0
1310,2020/11/10 10:04:00,638.0,642.25,638.0,642.25,44.0
1311,2020/11/10 10:05:00,637.15,637.15,637.15,637.15,50.0
1312,2020/11/10 10:07:00,641.45,641.45,641.45,641.45,6.0
1313,2020/11/10 10:09:00,640.95,640.95,640.95,640.95,5.0
1314,2020/11/10 10:10:00,640.95,640.95,637.15,637.15,22.0
1315,2020/11/10 10:21:00,638.15,638.15,638.15,638.15,2.0
1316,2020/11/10 10:22:00,637.5,638.0,637.5,638.0,107.0
1317,2020/11/10 10:23:00,637.15,637.15,637.15,637.15,17.0
1318,2020/11/10 10:27:00,638.0,638.0,638.0,638.0,1.0
1319,2020/11/10 10:29:00,637.75,637.75,637.75,637.75,10.0
1320,2020/11/10 10:30:00,637.0,637.0,637.0,637.0,100.0
1321,2020/11/10 10:31:00,637.1,637.1,637.1,637.1,50.0
1322,2020/11/10 10:32:00,636.95,636.95,635.55,635.55,171.0
1323,2020/11/10 10:33:00,635.0,635.0,635.0,635.0,36.0
1324,2020/11/10 10:35:00,635.0,635.0,635.0,635.0,11.0
1325,2020/11/10 10:36:00,635.0,635.0,635.0,635.0,261.0
1326,2020/11/10 10:37:00,634.95,634.95,634.95,634.95,8.0
1327,2020/11/10 10:38:00,634.95,634.95,634.95,634.95,45.0
1328,2020/11/10 10:39:00,635.0,636.9,635.0,636.9,3.0
1329,2020/11/10 10:41:00,636.85,636.85,636.85,636.85,5.0
1330,2020/11/10 10:44:00,636.9,636.9,634.9,634.9,56.0
1331,2020/11/10 10:46:00,635.5,636.0,635.35,635.35,141.0
1332,2020/11/10 10:47:00,636.0,636.0,635.0,635.0,67.0
1333,2020/11/10 10:50:00,635.0,635.0,635.0,635.0,10.0
1334,2020/11/10 10:52:00,638.0,638.0,638.0,638.0,50.0
1335,2020/11/10 10:53:00,635.15,635.15,635.15,635.15,10.0
1336,2020/11/10 10:58:00,638.0,638.0,638.0,638.0,80.0
1337,2020/11/10 11:00:00,638.0,638.0,638.0,638.0,10.0
1338,2020/11/10 11:01:00,635.25,635.25,635.25,635.25,40.0
1339,2020/11/10 11:04:00,637.0,637.0,637.0,637.0,4.0
1340,2020/11/10 11:09:00,635.05,635.05,635.05,635.05,50.0
1341,2020/11/10 11:14:00,637.0,638.0,637.0,638.0,30.0
1342,2020/11/10 11:16:00,639.0,639.0,639.0,639.0,1.0
1343,2020/11/10 11:25:00,635.5,635.5,635.5,635.5,25.0
1344,2020/11/10 11:27:00,638.95,639.0,638.95,639.0,21.0
1345,2020/11/10 11:32:00,635.65,635.65,635.65,635.65,5.0
1346,2020/11/10 11:33:00,638.05,638.05,636.65,636.65,14.0
1347,2020/11/10 11:34:00,636.95,638.05,635.5,635.5,47.0
1348,2020/11/10 11:36:00,639.45,639.45,639.45,639.45,10.0
1349,2020/11/10 11:37:00,635.95,635.95,635.95,635.95,1.0
1350,2020/11/10 11:40:00,636.0,636.0,636.0,636.0,209.0
1351,2020/11/10 11:41:00,636.0,636.0,636.0,636.0,2.0
1352,2020/11/10 11:42:00,636.0,636.0,636.0,636.0,14.0
1353,2020/11/10 11:45:00,635.55,635.55,635.55,635.55,1.0
1354,2020/11/10 11:47:00,636.0,636.0,636.0,636.0,111.0
1355,2020/11/10 11:50:00,636.0,636.0,636.0,636.0,50.0
1356,2020/11/10 11:51:00,636.0,636.0,636.0,636.0,101.0
1357,2020/11/10 11:58:00,635.95,635.95,635.55,635.55,19.0
1358,2020/11/10 12:01:00,635.95,635.95,635.5,635.5,60.0
1359,2020/11/10 12:03:00,635.55,635.55,635.5,635.5,5.0
1360,2020/11/10 12:06:00,635.95,636.0,635.95,636.0,26.0
1361,2020/11/10 12:10:00,636.5,636.5,635.6,635.6,23.0
1362,2020/11/10 12:11:00,635.55,639.0,635.55,635.6,57.0
1363,2020/11/10 12:12:00,636.15,639.0,635.6,639.0,41.0
1364,2020/11/10 12:14:00,639.0,639.0,639.0,639.0,2.0
1365,2020/11/10 12:15:00,637.8,638.0,637.8,638.0,21.0
1366,2020/11/10 12:16:00,636.0,636.0,636.0,636.0,5.0
1367,2020/11/10 12:18:00,635.55,635.55,635.55,635.55,12.0
1368,2020/11/10 12:25:00,635.55,635.55,635.55,635.55,19.0
1369,2020/11/10 12:28:00,635.55,635.55,635.55,635.55,1.0
1370,2020/11/10 12:29:00,639.0,639.0,639.0,639.0,50.0
1371,2020/11/10 12:40:00,638.95,638.95,638.95,638.95,1.0
1372,2020/11/10 12:42:00,639.0,639.0,639.0,639.0,50.0
1373,2020/11/10 12:45:00,639.0,639.0,639.0,639.0,1.0
1374,2020/11/10 12:46:00,639.0,639.0,639.0,639.0,25.0
1375,2020/11/10 12:53:00,638.95,638.95,638.95,638.95,27.0
1376,2020/11/10 12:58:00,638.95,638.95,638.95,638.95,10.0
1377,2020/11/10 13:01:00,637.0,637.0,637.0,637.0,11.0
1378,2020/11/10 13:02:00,636.0,636.0,636.0,636.0,39.0
1379,2020/11/10 13:08:00,636.1,636.1,636.1,636.1,4.0
1380,2020/11/10 13:09:00,636.1,636.1,636.1,636.1,1.0
1381,2020/11/10 13:10:00,636.1,636.1,636.1,636.1,100.0
1382,2020/11/10 13:15:00,638.0,638.0,638.0,638.0,184.0
1383,2020/11/10 13:16:00,637.05,637.05,637.05,637.05,1.0
1384,2020/11/10 13:18:00,637.05,637.05,637.05,637.05,3.0
1385,2020/11/10 13:22:00,637.0,637.0,637.0,637.0,8.0
1386,2020/11/10 13:23:00,636.1,636.1,636.1,636.1,19.0
1387,2020/11/10 13:30:00,636.1,636.1,636.1,636.1,35.0
1388,2020/11/10 13:41:00,639.0,639.0,639.0,639.0,87.0
1389,2020/11/10 13:42:00,639.0,639.0,639.0,639.0,39.0
1390,2020/11/10 13:43:00,639.0,639.0,638.4,638.4,137.0
1391,2020/11/10 13:44:00,638.6,638.6,638.6,638.6,6.0
1392,2020/11/10 13:46:00,637.1,637.1,637.1,637.1,1.0
1393,2020/11/10 13:50:00,638.9,639.0,638.9,639.0,148.0
1394,2020/11/10 13:53:00,637.2,637.2,637.2,637.2,10.0
1395,2020/11/10 13:54:00,637.25,637.25,637.25,637.25,1.0
1396,2020/11/10 13:56:00,637.25,639.0,637.25,639.0,36.0
1397,2020/11/10 13:57:00,639.7,639.7,639.7,639.7,40.0
1398,2020/11/10 13:58:00,639.0,639.0,639.0,639.0,12.0
1399,2020/11/10 13:59:00,639.0,639.0,639.0,639.0,50.0
1400,2020/11/10 14:00:00,639.0,639.0,639.0,639.0,3.0
1401,2020/11/10 14:04:00,637.25,637.25,637.25,637.25,25.0
1402,2020/11/10 14:08:00,639.7,639.7,639.7,639.7,22.0
1403,2020/11/10 14:18:00,639.05,639.05,639.05,639.05,10.0
1404,2020/11/10 14:19:00,639.05,639.05,639.05,639.05,10.0
1405,2020/11/10 14:20:00,639.0,639.0,639.0,639.0,74.0
1406,2020/11/10 14:22:00,639.1,639.1,639.1,639.1,1.0
1407,2020/11/10 14:26:00,639.0,639.0,639.0,639.0,38.0
1408,2020/11/10 14:36:00,637.25,639.1,637.25,639.05,70.0
1409,2020/11/10 14:37:00,639.7,639.7,639.7,639.7,10.0
1410,2020/11/10 14:38:00,639.05,639.05,639.05,639.05,10.0
1411,2020/11/10 14:39:00,639.0,639.0,639.0,639.0,5.0
1412,2020/11/10 14:42:00,639.0,639.75,639.0,639.75,33.0
1413,2020/11/10 14:44:00,639.7,639.7,639.7,639.7,4.0
1414,2020/11/10 14:45:00,639.75,639.75,639.75,639.75,133.0
1415,2020/11/10 14:47:00,646.0,646.0,642.05,642.05,183.0
1416,2020/11/10 14:48:00,642.05,642.05,642.05,642.05,1.0
1417,2020/11/10 14:49:00,642.0,645.95,642.0,645.95,19.0
1418,2020/11/10 14:52:00,642.1,642.1,642.1,642.1,15.0
1419,2020/11/10 14:54:00,643.0,643.0,643.0,643.0,10.0
1420,2020/11/10 14:55:00,642.0,642.0,642.0,642.0,100.0
1421,2020/11/10 14:57:00,642.0,642.0,642.0,642.0,10.0
1422,2020/11/10 14:59:00,643.2,643.2,643.2,643.2,5.0
1423,2020/11/10 15:00:00,645.9,645.9,643.25,643.25,52.0
1424,2020/11/10 15:02:00,645.0,645.0,645.0,645.0,19.0
1425,2020/11/10 15:03:00,645.0,645.0,645.0,645.0,2.0
1426,2020/11/10 15:04:00,645.0,645.0,645.0,645.0,8.0
1427,2020/11/10 15:05:00,645.9,645.9,645.9,645.9,400.0
1428,2020/11/10 15:06:00,646.0,646.0,646.0,646.0,203.0
1429,2020/11/10 15:07:00,646.0,650.0,646.0,650.0,984.0
1430,2020/11/10 15:08:00,653.85,653.85,650.0,650.0,240.0
1431,2020/11/10 15:09:00,653.9,653.9,653.9,653.9,62.0
1432,2020/11/10 15:10:00,653.9,655.0,650.1,655.0,580.0
1433,2020/11/10 15:11:00,650.1,650.3,650.0,650.3,117.0
1434,2020/11/10 15:12:00,650.3,650.3,647.0,647.0,307.0
1435,2020/11/10 15:13:00,650.0,650.0,650.0,650.0,1.0
1436,2020/11/10 15:15:00,648.0,653.0,648.0,653.0,100.0
1437,2020/11/10 15:17:00,650.0,650.0,650.0,650.0,22.0
1438,2020/11/10 15:18:00,648.3,652.0,648.3,652.0,11.0
1439,2020/11/10 15:19:00,649.95,651.0,649.05,651.0,259.0
1440,2020/11/10 15:20:00,651.0,655.0,651.0,655.0,90.0
1441,2020/11/10 15:21:00,649.0,654.9,648.0,654.9,158.0
1442,2020/11/10 15:23:00,652.05,652.05,650.0,650.0,123.0
1443,2020/11/10 15:24:00,649.95,649.95,649.0,649.0,169.0
1444,2020/11/10 15:25:00,649.0,649.95,649.0,649.0,18.0
1445,2020/11/10 15:26:00,648.95,652.0,648.05,648.05,9.0
1446,2020/11/10 15:27:00,648.0,648.0,648.0,648.0,99.0
1447,2020/11/10 15:28:00,645.05,652.0,645.05,650.0,114.0
1448,2020/11/10 15:29:00,650.0,650.0,645.0,645.0,33.0
1449,2020/11/11 09:08:00,650.0,650.0,650.0,650.0,7.0
1450,2020/11/11 09:15:00,650.0,650.0,632.95,632.95,115.0
1451,2020/11/11 09:16:00,654.0,654.0,654.0,654.0,10.0
1452,2020/11/11 09:17:00,632.95,632.95,612.5,612.5,180.0
1453,2020/11/11 09:18:00,649.95,649.95,644.8,644.8,2.0
1454,2020/11/11 09:19:00,643.4,643.4,631.0,631.0,11.0
1455,2020/11/11 09:20:00,636.75,636.75,636.75,636.75,16.0
1456,2020/11/11 09:21:00,636.0,636.0,631.0,631.0,20.0
1457,2020/11/11 09:22:00,626.05,626.05,626.05,626.05,50.0
1458,2020/11/11 09:23:00,636.75,636.75,636.75,636.75,4.0
1459,2020/11/11 09:24:00,632.0,632.0,632.0,632.0,40.0
1460,2020/11/11 09:26:00,632.0,632.0,632.0,632.0,20.0
1461,2020/11/11 09:27:00,632.0,632.0,632.0,632.0,53.0
1462,2020/11/11 09:28:00,632.0,632.0,632.0,632.0,20.0
1463,2020/11/11 09:29:00,632.0,632.0,632.0,632.0,4.0
1464,2020/11/11 09:30:00,632.0,632.0,632.0,632.0,2.0
1465,2020/11/11 09:35:00,632.0,632.0,632.0,632.0,8.0
1466,2020/11/11 09:36:00,632.0,632.0,632.0,632.0,152.0
1467,2020/11/11 09:37:00,630.0,630.0,630.0,630.0,25.0
1468,2020/11/11 09:40:00,629.0,630.95,629.0,630.0,60.0
1469,2020/11/11 09:41:00,630.0,640.0,626.05,626.05,94.0
1470,2020/11/11 09:42:00,633.15,639.95,633.0,639.95,7.0
1471,2020/11/11 09:44:00,630.95,630.95,630.95,630.95,2.0
1472,2020/11/11 09:46:00,640.0,640.0,640.0,640.0,55.0
1473,2020/11/11 09:47:00,649.75,649.75,626.0,626.0,105.0
1474,2020/11/11 09:49:00,639.95,640.5,639.95,640.5,22.0
1475,2020/11/11 09:51:00,640.5,640.5,640.5,640.5,25.0
1476,2020/11/11 09:54:00,640.5,640.5,640.5,640.5,21.0
1477,2020/11/11 09:55:00,635.1,635.1,635.1,635.1,4.0
1478,2020/11/11 09:57:00,642.0,648.0,642.0,648.0,50.0
1479,2020/11/11 09:58:00,649.65,649.65,649.65,649.65,30.0
1480,2020/11/11 09:59:00,649.5,649.5,649.5,649.5,30.0
1481,2020/11/11 10:00:00,649.5,649.5,649.5,649.5,19.0
1482,2020/11/11 10:02:00,645.9,645.9,645.9,645.9,3.0
1483,2020/11/11 10:04:00,645.9,645.9,645.9,645.9,1.0
1484,2020/11/11 10:05:00,645.9,645.9,645.9,645.9,1.0
1485,2020/11/11 10:08:00,638.05,638.05,638.05,638.05,30.0
1486,2020/11/11 10:09:00,640.0,640.0,640.0,640.0,10.0
1487,2020/11/11 10:10:00,640.0,640.0,640.0,640.0,8.0
1488,2020/11/11 10:12:00,644.9,644.9,644.9,644.9,4.0
1489,2020/11/11 10:18:00,645.0,645.0,645.0,645.0,52.0
1490,2020/11/11 10:19:00,645.0,645.0,645.0,645.0,13.0
1491,2020/11/11 10:26:00,645.0,645.0,645.0,645.0,30.0
1492,2020/11/11 10:28:00,642.0,642.0,642.0,642.0,14.0
1493,2020/11/11 10:29:00,649.45,649.45,642.0,649.4,26.0
1494,2020/11/11 10:33:00,650.0,650.0,650.0,650.0,159.0
1495,2020/11/11 10:34:00,650.0,650.0,647.15,647.15,25.0
1496,2020/11/11 10:37:00,645.0,645.0,645.0,645.0,34.0
1497,2020/11/11 10:39:00,642.0,642.0,642.0,642.0,50.0
1498,2020/11/11 10:41:00,642.0,642.0,642.0,642.0,29.0
1499,2020/11/11 10:46:00,642.0,642.0,642.0,642.0,22.0
1500,2020/11/11 10:47:00,642.0,642.0,642.0,642.0,1.0
1501,2020/11/11 10:48:00,642.1,642.1,642.1,642.1,1.0
1502,2020/11/11 10:59:00,640.15,640.15,640.15,640.15,54.0
1503,2020/11/11 11:02:00,641.0,641.0,640.0,640.0,166.0
1504,2020/11/11 11:06:00,640.0,640.0,640.0,640.0,50.0
1505,2020/11/11 11:10:00,636.2,636.2,636.2,636.2,10.0
1506,2020/11/11 11:11:00,645.0,645.0,645.0,645.0,10.0
1507,2020/11/11 11:20:00,644.0,644.0,644.0,644.0,10.0
1508,2020/11/11 11:22:00,642.0,642.0,642.0,642.0,5.0
1509,2020/11/11 11:25:00,636.25,636.25,636.25,636.25,2.0
1510,2020/11/11 11:31:00,636.25,636.25,636.25,636.25,20.0
1511,2020/11/11 11:34:00,636.15,636.15,636.15,636.15,10.0
1512,2020/11/11 11:36:00,636.15,636.15,636.15,636.15,3.0
1513,2020/11/11 11:37:00,638.2,638.2,638.2,638.2,41.0
1514,2020/11/11 12:12:00,638.15,638.15,638.15,638.15,1.0
1515,2020/11/11 12:13:00,636.0,636.0,636.0,636.0,50.0
1516,2020/11/11 12:34:00,636.0,636.0,636.0,636.0,10.0
1517,2020/11/11 12:36:00,635.15,635.15,635.15,635.15,5.0
1518,2020/11/11 12:50:00,636.0,636.0,636.0,636.0,2.0
1519,2020/11/11 12:52:00,636.0,636.0,636.0,636.0,10.0
1520,2020/11/11 13:11:00,636.0,636.0,636.0,636.0,1.0
1521,2020/11/11 13:15:00,636.0,639.0,636.0,639.0,22.0
1522,2020/11/11 13:27:00,635.15,635.15,635.15,635.15,5.0
1523,2020/11/11 13:37:00,635.15,635.15,635.15,635.15,2.0
1524,2020/11/11 13:43:00,638.95,638.95,638.95,638.95,1.0
1525,2020/11/11 13:47:00,636.0,636.0,636.0,636.0,10.0
1526,2020/11/11 14:16:00,638.0,638.0,638.0,638.0,10.0
1527,2020/11/11 14:18:00,639.0,639.0,639.0,639.0,5.0
1528,2020/11/11 14:22:00,638.0,638.0,638.0,638.0,24.0
1529,2020/11/11 14:29:00,637.5,637.5,637.5,637.5,1.0
1530,2020/11/11 14:38:00,637.0,637.0,637.0,637.0,10.0
1531,2020/11/11 14:55:00,649.9,649.9,649.9,649.9,13.0
1532,2020/11/11 15:07:00,639.0,639.0,639.0,639.0,1.0
1533,2020/11/11 15:10:00,639.0,639.0,639.0,639.0,1.0
1534,2020/11/11 15:12:00,639.0,639.0,639.0,639.0,7.0
1535,2020/11/11 15:15:00,640.0,640.0,640.0,640.0,5.0
1536,2020/11/11 15:16:00,640.0,640.0,640.0,640.0,18.0
1537,2020/11/11 15:18:00,645.0,645.0,640.0,640.0,60.0
1538,2020/11/11 15:23:00,644.9,644.9,644.9,644.9,5.0
1539,2020/11/11 15:27:00,644.9,644.9,644.9,644.9,1.0
1540,2020/11/11 15:28:00,640.0,640.0,640.0,640.0,1.0
1541,2020/11/11 15:29:00,640.0,640.0,640.0,640.0,50.0
1542,2020/11/12 09:23:00,648.0,648.0,635.5,636.5,54.0
1543,2020/11/12 09:24:00,649.0,649.0,649.0,649.0,10.0
1544,2020/11/12 09:27:00,631.05,631.05,630.05,630.05,67.0
1545,2020/11/12 09:28:00,630.05,641.85,630.05,641.85,4.0
1546,2020/11/12 09:33:00,641.9,641.9,641.9,641.9,5.0
1547,2020/11/12 09:35:00,640.05,640.05,640.05,640.05,1.0
1548,2020/11/12 09:36:00,642.0,642.0,640.0,640.0,18.0
1549,2020/11/12 09:38:00,633.0,633.0,632.5,632.55,27.0
1550,2020/11/12 09:39:00,632.5,632.5,632.5,632.5,20.0
1551,2020/11/12 09:44:00,632.5,632.5,632.5,632.5,1.0
1552,2020/11/12 09:45:00,639.0,639.0,639.0,639.0,5.0
1553,2020/11/12 09:50:00,633.0,633.0,633.0,633.0,4.0
1554,2020/11/12 09:54:00,633.0,633.0,633.0,633.0,1.0
1555,2020/11/12 09:55:00,633.0,633.0,633.0,633.0,2.0
1556,2020/11/12 10:05:00,633.0,633.0,633.0,633.0,8.0
1557,2020/11/12 10:07:00,633.0,633.0,633.0,633.0,2.0
1558,2020/11/12 10:12:00,632.0,632.0,632.0,632.0,100.0
1559,2020/11/12 10:14:00,632.0,632.0,632.0,632.0,8.0
1560,2020/11/12 10:35:00,632.0,632.0,632.0,632.0,50.0
1561,2020/11/12 11:04:00,639.0,639.0,639.0,639.0,10.0
1562,2020/11/12 11:44:00,632.05,632.05,632.05,632.05,1.0
1563,2020/11/12 12:00:00,638.95,638.95,638.95,638.95,10.0
1564,2020/11/12 12:06:00,637.05,637.05,635.5,637.0,12.0
1565,2020/11/12 12:12:00,633.2,633.2,633.2,633.2,1.0
1566,2020/11/12 12:44:00,638.9,638.9,638.9,638.9,10.0
1567,2020/11/12 12:57:00,639.0,639.0,639.0,639.0,75.0
1568,2020/11/12 13:02:00,634.7,634.7,634.7,634.7,1.0
1569,2020/11/12 13:06:00,637.4,637.4,637.4,637.4,50.0
1570,2020/11/12 13:07:00,637.35,637.35,637.35,637.35,2.0
1571,2020/11/12 13:20:00,632.05,632.05,632.05,632.05,35.0
1572,2020/11/12 13:29:00,637.7,637.7,637.7,637.7,1.0
1573,2020/11/12 13:34:00,637.7,637.7,637.7,637.7,8.0
1574,2020/11/12 13:44:00,632.2,632.2,632.2,632.2,15.0
1575,2020/11/12 13:47:00,632.2,632.2,632.2,632.2,5.0
1576,2020/11/12 14:01:00,636.9,636.9,636.9,636.9,15.0
1577,2020/11/12 14:10:00,637.6,637.6,637.6,637.6,10.0
1578,2020/11/12 14:12:00,637.75,637.75,637.75,637.75,5.0
1579,2020/11/12 14:13:00,637.75,637.75,637.75,637.75,2.0
1580,2020/11/12 14:15:00,637.75,637.75,637.75,637.75,5.0
1581,2020/11/12 14:25:00,637.7,637.7,637.7,637.7,6.0
1582,2020/11/12 14:52:00,633.3,633.3,633.3,633.3,20.0
1583,2020/11/12 15:01:00,636.7,636.7,636.7,636.7,10.0
1584,2020/11/12 15:02:00,636.65,636.65,636.65,636.65,9.0
1585,2020/11/12 15:12:00,633.35,633.35,633.35,633.35,22.0
1586,2020/11/12 15:13:00,633.3,633.3,632.9,632.9,7.0
1587,2020/11/12 15:15:00,632.0,632.0,632.0,632.0,50.0
1588,2020/11/12 15:21:00,632.0,632.0,632.0,632.0,10.0
1589,2020/11/12 15:25:00,637.45,637.45,637.45,637.45,1.0
1590,2020/11/12 15:27:00,637.5,637.5,637.5,637.5,6.0
1591,2020/11/12 15:28:00,639.5,639.95,639.5,639.95,2.0
1592,2020/11/13 09:22:00,633.15,633.15,633.15,633.15,1.0
1593,2020/11/13 09:33:00,635.0,635.05,635.0,635.0,9.0
1594,2020/11/13 09:49:00,635.0,635.0,633.0,633.0,32.0
1595,2020/11/13 09:51:00,625.05,625.05,625.05,625.05,38.0
1596,2020/11/13 09:55:00,625.0,625.0,624.95,625.0,47.0
1597,2020/11/13 09:58:00,625.0,625.0,625.0,625.0,25.0
1598,2020/11/13 09:59:00,625.0,625.0,622.05,622.05,6.0
1599,2020/11/13 10:03:00,625.0,625.0,625.0,625.0,5.0
1600,2020/11/13 10:16:00,625.0,625.0,625.0,625.0,2.0
1601,2020/11/13 10:19:00,625.0,625.0,625.0,625.0,11.0
1602,2020/11/13 10:25:00,634.9,634.9,634.9,634.9,90.0
1603,2020/11/13 10:31:00,631.0,631.0,631.0,631.0,4.0
1604,2020/11/13 10:36:00,630.95,630.95,630.95,630.95,2.0
1605,2020/11/13 10:48:00,631.0,631.0,631.0,631.0,1.0
1606,2020/11/13 11:11:00,633.0,633.0,633.0,633.0,2.0
1607,2020/11/13 11:13:00,633.0,633.0,626.2,626.2,61.0
1608,2020/11/13 11:16:00,627.05,629.0,627.05,629.0,8.0
1609,2020/11/13 11:26:00,629.0,629.0,629.0,629.0,1.0
1610,2020/11/13 11:27:00,629.0,629.0,629.0,629.0,49.0
1611,2020/11/13 11:28:00,627.05,627.05,627.05,627.05,1.0
1612,2020/11/13 11:53:00,629.0,629.0,629.0,629.0,1.0
1613,2020/11/13 11:58:00,627.15,627.15,627.15,627.15,2.0
1614,2020/11/13 12:03:00,627.15,627.15,627.15,627.15,10.0
1615,2020/11/13 12:11:00,629.0,629.0,629.0,629.0,3.0
1616,2020/11/13 13:00:00,629.0,629.0,629.0,629.0,7.0
1617,2020/11/13 13:03:00,630.0,630.0,630.0,630.0,3.0
1618,2020/11/13 13:04:00,632.95,632.95,632.95,632.95,1.0
1619,2020/11/13 13:28:00,627.1,627.1,627.1,627.1,48.0
1620,2020/11/13 13:29:00,632.7,632.7,632.7,632.7,15.0
1621,2020/11/13 13:45:00,627.0,627.0,627.0,627.0,15.0
1622,2020/11/13 13:59:00,627.0,627.0,627.0,627.0,30.0
1623,2020/11/13 14:26:00,627.0,627.0,627.0,627.0,349.0
1624,2020/11/13 14:38:00,628.0,628.0,628.0,628.0,5.0
1625,2020/11/13 14:40:00,628.0,628.0,627.0,627.0,110.0
1626,2020/11/13 14:42:00,627.0,627.0,627.0,627.0,25.0
1627,2020/11/13 14:44:00,627.0,627.0,627.0,627.0,1.0
1628,2020/11/13 14:47:00,627.0,627.0,627.0,627.0,1.0
1629,2020/11/13 14:48:00,627.0,627.0,627.0,627.0,15.0
1630,2020/11/13 14:55:00,630.0,630.0,630.0,630.0,5.0
1631,2020/11/13 14:56:00,627.0,627.0,627.0,627.0,2.0
1632,2020/11/13 14:57:00,630.0,630.0,630.0,630.0,50.0
1633,2020/11/13 14:59:00,627.05,627.05,627.05,627.05,10.0
1634,2020/11/13 15:02:00,634.9,635.5,627.0,635.5,250.0
1635,2020/11/13 15:08:00,628.05,628.05,628.05,628.05,10.0
1636,2020/11/13 15:20:00,628.55,628.55,628.55,628.55,59.0
1637,2020/11/13 15:22:00,628.55,628.55,628.55,628.55,7.0
1638,2020/11/13 15:23:00,630.0,630.0,630.0,630.0,10.0
1639,2020/11/13 15:27:00,627.05,627.05,627.05,627.05,2.0
1640,2020/11/13 15:29:00,640.0,640.0,640.0,640.0,97.0
1641,2020/11/14 18:07:00,626.6,626.6,626.6,626.6,2.0
1642,2020/11/14 18:15:00,626.6,626.6,626.6,626.6,0.0
1643,2020/11/14 18:17:00,637.05,659.95,637.05,659.95,5.0
1644,2020/11/14 18:18:00,653.95,654.0,653.95,654.0,4.0
1645,2020/11/14 18:19:00,650.0,650.0,638.5,638.65,14.0
1646,2020/11/14 18:20:00,650.0,650.0,650.0,650.0,31.0
1647,2020/11/14 18:24:00,648.95,648.95,648.95,648.95,5.0
1648,2020/11/14 18:25:00,646.95,646.95,646.95,646.95,4.0
1649,2020/11/14 18:27:00,649.95,649.95,649.95,649.95,21.0
1650,2020/11/14 18:28:00,647.0,647.0,647.0,647.0,2.0
1651,2020/11/14 18:33:00,641.0,641.0,641.0,641.0,10.0
1652,2020/11/14 18:35:00,641.05,641.05,641.05,641.05,5.0
1653,2020/11/14 18:36:00,648.55,648.55,648.55,648.55,1.0
1654,2020/11/14 18:38:00,635.0,635.0,635.0,635.0,9.0
1655,2020/11/14 18:40:00,642.0,642.0,642.0,642.0,15.0
1656,2020/11/14 18:41:00,649.0,649.0,649.0,649.0,50.0
1657,2020/11/14 18:42:00,635.5,648.35,635.5,648.35,32.0
1658,2020/11/14 18:44:00,635.0,635.0,635.0,635.0,31.0
1659,2020/11/14 18:48:00,635.2,635.2,635.2,635.2,3.0
1660,2020/11/14 18:50:00,644.35,644.35,644.35,644.35,25.0
1661,2020/11/14 18:53:00,644.25,644.25,637.95,637.95,6.0
1662,2020/11/14 18:54:00,642.05,643.05,636.2,636.2,28.0
1663,2020/11/14 18:55:00,636.15,636.15,636.15,636.15,5.0
1664,2020/11/14 18:56:00,639.95,639.95,639.95,639.95,8.0
1665,2020/11/14 18:57:00,640.0,640.0,640.0,640.0,88.0
1666,2020/11/14 18:58:00,647.2,647.2,640.95,645.05,14.0
1667,2020/11/14 18:59:00,637.05,637.05,637.0,637.0,11.0
1668,2020/11/14 19:04:00,647.15,647.15,647.15,647.15,1.0
1669,2020/11/14 19:08:00,638.15,638.15,638.15,638.15,1.0
1670,2020/11/14 19:09:00,638.15,638.15,638.15,638.15,6.0
1671,2020/11/14 19:11:00,647.1,647.1,647.1,647.1,6.0
1672,2020/11/14 19:12:00,646.0,646.0,646.0,646.0,10.0
1673,2020/11/14 19:13:00,638.1,638.1,638.1,638.1,5.0
1674,2020/11/14 19:14:00,638.1,638.1,638.1,638.1,1.0
1675,2020/11/17 09:15:00,635.0,635.0,635.0,635.0,122.0
1676,2020/11/17 09:23:00,637.1,637.1,637.1,637.1,5.0
1677,2020/11/17 09:29:00,637.5,637.5,637.5,637.5,3.0
1678,2020/11/17 09:31:00,643.0,643.0,643.0,643.0,100.0
1679,2020/11/17 09:33:00,643.0,643.0,643.0,643.0,75.0
1680,2020/11/17 09:34:00,643.0,643.0,643.0,643.0,20.0
1681,2020/11/17 09:36:00,643.0,643.05,643.0,643.05,66.0
1682,2020/11/17 09:37:00,648.0,648.0,648.0,648.0,5.0
1683,2020/11/17 09:38:00,643.0,643.0,643.0,643.0,444.0
1684,2020/11/17 09:53:00,643.0,643.0,643.0,643.0,66.0
1685,2020/11/17 09:59:00,643.0,643.0,643.0,643.0,25.0
1686,2020/11/17 10:14:00,643.0,643.0,643.0,643.0,10.0
1687,2020/11/17 10:35:00,643.0,643.0,643.0,643.0,1.0
1688,2020/11/17 10:38:00,670.0,670.0,650.0,650.0,1061.0
1689,2020/11/17 10:39:00,650.0,650.55,650.0,650.55,104.0
1690,2020/11/17 10:41:00,654.0,669.0,654.0,658.3,271.0
1691,2020/11/17 10:42:00,656.25,658.3,656.25,658.0,71.0
1692,2020/11/17 10:43:00,660.3,662.3,660.3,662.25,104.0
1693,2020/11/17 10:45:00,670.0,670.0,670.0,670.0,66.0
1694,2020/11/17 10:46:00,662.95,662.95,662.95,662.95,12.0
1695,2020/11/17 10:47:00,667.0,669.0,663.5,669.0,74.0
1696,2020/11/17 10:49:00,661.15,661.15,661.1,661.1,10.0
1697,2020/11/17 10:51:00,668.95,668.95,668.95,668.95,2.0
1698,2020/11/17 10:52:00,662.1,662.1,662.1,662.1,25.0
1699,2020/11/17 10:54:00,662.1,662.1,662.1,662.1,5.0
1700,2020/11/17 10:55:00,662.1,670.0,662.1,670.0,150.0
1701,2020/11/17 10:59:00,641.0,641.0,641.0,641.0,337.0
1702,2020/11/17 11:01:00,664.45,664.45,650.0,655.0,51.0
1703,2020/11/17 11:02:00,661.0,664.35,658.95,662.0,34.0
1704,2020/11/17 11:03:00,659.95,664.35,659.95,664.35,5.0
1705,2020/11/17 11:04:00,656.1,656.1,656.1,656.1,5.0
1706,2020/11/17 11:06:00,664.0,664.0,664.0,664.0,2.0
1707,2020/11/17 11:10:00,663.95,664.0,663.95,663.95,106.0
1708,2020/11/17 11:11:00,670.0,670.0,670.0,670.0,156.0
1709,2020/11/17 11:27:00,660.15,660.15,660.15,660.15,4.0
1710,2020/11/17 11:29:00,660.0,660.0,660.0,660.0,55.0
1711,2020/11/17 11:34:00,670.0,670.0,670.0,670.0,156.0
1712,2020/11/17 11:35:00,670.0,670.05,670.0,670.0,10.0
1713,2020/11/17 11:38:00,670.0,670.0,670.0,670.0,5.0
1714,2020/11/17 11:39:00,670.25,671.2,670.0,671.2,81.0
1715,2020/11/17 11:40:00,671.2,671.2,671.2,671.2,13.0
1716,2020/11/17 11:43:00,673.0,673.0,673.0,673.0,136.0
1717,2020/11/17 11:44:00,671.35,671.35,671.35,671.35,28.0
1718,2020/11/17 11:47:00,671.3,671.3,671.3,671.3,7.0
1719,2020/11/17 11:48:00,674.45,674.45,674.45,674.45,12.0
1720,2020/11/17 11:52:00,671.2,671.2,671.2,671.2,2.0
1721,2020/11/17 11:56:00,671.2,671.2,671.2,671.2,40.0
1722,2020/11/17 12:00:00,671.2,671.2,668.85,668.85,22.0
1723,2020/11/17 12:08:00,665.0,667.95,665.0,667.95,30.0
1724,2020/11/17 12:12:00,664.5,668.0,664.5,666.55,15.0
1725,2020/11/17 12:14:00,662.05,662.05,662.05,662.05,25.0
1726,2020/11/17 12:15:00,663.0,663.0,662.1,662.1,69.0
1727,2020/11/17 12:19:00,662.0,662.0,662.0,662.0,100.0
1728,2020/11/17 12:22:00,662.0,662.0,662.0,662.0,87.0
1729,2020/11/17 12:23:00,660.1,660.1,660.1,660.1,1.0
1730,2020/11/17 12:24:00,670.0,670.0,670.0,670.0,46.0
1731,2020/11/17 12:28:00,665.0,665.0,665.0,665.0,3.0
1732,2020/11/17 12:35:00,662.0,662.0,662.0,662.0,21.0
1733,2020/11/17 12:54:00,670.0,670.0,670.0,670.0,144.0
1734,2020/11/17 12:56:00,673.95,673.95,673.95,673.95,50.0
1735,2020/11/17 13:02:00,670.05,670.05,670.05,670.05,1.0
1736,2020/11/17 13:03:00,670.05,670.05,670.05,670.05,2.0
1737,2020/11/17 13:04:00,670.1,670.1,670.1,670.1,1.0
1738,2020/11/17 13:05:00,670.05,670.05,670.05,670.05,5.0
1739,2020/11/17 13:07:00,670.05,670.05,670.05,670.05,1.0
1740,2020/11/17 13:08:00,670.0,670.0,670.0,670.0,68.0
1741,2020/11/17 13:11:00,669.0,669.0,669.0,669.0,6.0
1742,2020/11/17 13:12:00,670.0,670.0,670.0,670.0,10.0
1743,2020/11/17 13:15:00,670.0,670.0,670.0,670.0,20.0
1744,2020/11/17 13:17:00,670.0,670.0,670.0,670.0,10.0
1745,2020/11/17 13:19:00,680.0,680.0,673.0,673.0,752.0
1746,2020/11/17 13:21:00,669.0,669.0,669.0,669.0,45.0
1747,2020/11/17 13:26:00,680.0,680.0,669.0,669.0,125.0
1748,2020/11/17 13:32:00,671.0,671.0,671.0,671.0,10.0
1749,2020/11/17 13:36:00,671.0,671.0,671.0,671.0,30.0
1750,2020/11/17 13:37:00,671.0,671.0,671.0,671.0,10.0
1751,2020/11/17 13:40:00,671.0,671.0,671.0,671.0,18.0
1752,2020/11/17 13:44:00,679.0,679.0,679.0,679.0,10.0
1753,2020/11/17 13:45:00,671.0,671.0,671.0,671.0,20.0
1754,2020/11/17 13:50:00,677.7,677.7,677.7,677.7,1.0
1755,2020/11/17 13:57:00,673.05,673.05,672.0,672.0,36.0
1756,2020/11/17 13:58:00,680.0,680.0,680.0,680.0,117.0
1757,2020/11/17 14:06:00,673.25,673.25,673.25,673.25,10.0
1758,2020/11/17 14:10:00,672.0,672.0,670.0,670.0,75.0
1759,2020/11/17 14:16:00,677.85,677.85,677.85,677.85,9.0
1760,2020/11/17 14:20:00,675.45,677.75,675.45,677.75,30.0
1761,2020/11/17 14:21:00,670.15,670.2,669.0,669.0,108.0
1762,2020/11/17 14:22:00,670.45,670.45,669.0,669.0,31.0
1763,2020/11/17 14:23:00,666.2,668.05,666.2,667.5,60.0
1764,2020/11/17 14:25:00,667.9,667.9,667.5,667.5,20.0
1765,2020/11/17 14:27:00,667.95,667.95,667.95,667.95,4.0
1766,2020/11/17 14:29:00,669.3,670.0,669.3,670.0,41.0
1767,2020/11/17 14:30:00,677.5,677.5,677.5,677.5,50.0
1768,2020/11/17 14:31:00,672.05,672.05,672.0,672.0,17.0
1769,2020/11/17 14:32:00,672.0,674.8,671.0,674.8,137.0
1770,2020/11/17 14:33:00,675.0,681.0,674.65,681.0,197.0
1771,2020/11/17 14:34:00,685.0,687.0,685.0,687.0,608.0
1772,2020/11/17 14:35:00,690.0,695.0,690.0,695.0,190.0
1773,2020/11/17 14:36:00,758.0,758.0,750.0,750.0,2194.0
1774,2020/11/17 14:37:00,758.0,765.0,750.0,764.85,577.0
1775,2020/11/17 14:38:00,760.0,764.0,750.1,750.15,92.0
1776,2020/11/17 14:39:00,751.5,760.6,751.05,751.05,40.0
1777,2020/11/17 14:40:00,751.3,759.85,751.25,755.65,198.0
1778,2020/11/17 14:41:00,755.0,769.2,752.05,769.2,922.0
1779,2020/11/17 14:42:00,769.2,769.2,769.2,769.2,157.0
1780,2020/11/17 14:43:00,769.2,769.2,767.4,769.2,1937.0
1781,2020/11/17 14:44:00,769.2,769.2,769.2,769.2,1161.0
1782,2020/11/17 14:45:00,769.2,769.2,765.2,765.2,21.0
1783,2020/11/17 14:46:00,760.1,768.9,760.1,760.2,61.0
1784,2020/11/17 14:47:00,761.05,767.8,761.0,761.05,14.0
1785,2020/11/17 14:48:00,761.0,765.0,750.0,750.0,77.0
1786,2020/11/17 14:49:00,752.0,752.0,727.05,735.05,131.0
1787,2020/11/17 14:50:00,752.0,752.0,728.2,731.05,78.0
1788,2020/11/17 14:51:00,735.0,743.95,732.0,732.0,53.0
1789,2020/11/17 14:52:00,741.9,741.9,741.9,741.9,3.0
1790,2020/11/17 14:55:00,739.95,739.95,733.2,733.35,11.0
1791,2020/11/17 14:56:00,739.0,739.0,733.55,738.95,17.0
1792,2020/11/17 14:57:00,733.55,737.4,733.55,737.4,31.0
1793,2020/11/17 14:58:00,729.75,737.5,729.75,737.5,101.0
1794,2020/11/17 14:59:00,739.0,739.0,725.0,725.0,97.0
1795,2020/11/17 15:00:00,725.75,737.75,725.75,737.75,15.0
1796,2020/11/17 15:01:00,737.8,737.8,727.05,727.05,30.0
1797,2020/11/17 15:03:00,725.0,725.0,725.0,725.0,24.0
1798,2020/11/17 15:04:00,725.0,725.0,725.0,725.0,51.0
1799,2020/11/17 15:05:00,726.0,726.0,726.0,726.0,1.0
1800,2020/11/17 15:06:00,725.0,725.0,722.65,722.65,4.0
1801,2020/11/17 15:09:00,720.0,720.0,720.0,720.0,1.0
1802,2020/11/17 15:10:00,724.8,724.8,724.8,724.8,1.0
1803,2020/11/17 15:11:00,712.05,721.95,712.05,721.95,52.0
1804,2020/11/17 15:12:00,712.05,712.05,700.5,700.5,97.0
1805,2020/11/17 15:13:00,711.0,711.0,711.0,711.0,58.0
1806,2020/11/17 15:14:00,711.0,711.0,711.0,711.0,6.0
1807,2020/11/17 15:16:00,702.0,702.0,701.0,701.0,126.0
1808,2020/11/17 15:18:00,715.0,715.0,701.25,714.0,142.0
1809,2020/11/17 15:21:00,702.5,702.5,702.5,702.5,14.0
1810,2020/11/17 15:23:00,715.0,715.0,706.05,706.05,26.0
1811,2020/11/17 15:24:00,706.0,706.0,706.0,706.0,20.0
1812,2020/11/17 15:25:00,706.0,712.9,706.0,712.9,17.0
1813,2020/11/17 15:26:00,706.5,706.5,706.5,706.5,1.0
1814,2020/11/17 15:27:00,707.0,711.9,707.0,711.9,9.0
1815,2020/11/17 15:28:00,707.0,709.95,707.0,707.1,52.0
1816,2020/11/17 15:29:00,709.95,714.0,707.1,707.1,101.0
1817,2020/11/18 09:07:00,714.0,714.0,714.0,714.0,101.0
1818,2020/11/18 09:15:00,714.0,715.45,714.0,715.0,128.0
1819,2020/11/18 09:16:00,715.15,728.95,715.15,715.2,84.0
1820,2020/11/18 09:17:00,717.3,717.3,715.2,715.2,6.0
1821,2020/11/18 09:18:00,707.1,727.95,707.1,726.0,167.0
1822,2020/11/18 09:19:00,723.0,726.0,716.0,722.05,81.0
1823,2020/11/18 09:20:00,726.0,726.0,726.0,726.0,71.0
1824,2020/11/18 09:21:00,726.0,726.05,726.0,726.05,11.0
1825,2020/11/18 09:22:00,726.0,726.0,714.05,714.05,40.0
1826,2020/11/18 09:25:00,726.0,726.0,714.05,724.95,33.0
1827,2020/11/18 09:26:00,725.0,725.9,725.0,725.0,62.0
1828,2020/11/18 09:28:00,725.0,725.0,716.0,716.0,13.0
1829,2020/11/18 09:29:00,716.0,716.0,716.0,716.0,1.0
1830,2020/11/18 09:30:00,716.0,716.0,716.0,716.0,1.0
1831,2020/11/18 09:31:00,710.0,710.0,710.0,710.0,8.0
1832,2020/11/18 09:32:00,710.0,724.35,707.1,724.35,172.0
1833,2020/11/18 09:33:00,724.35,724.35,713.0,720.0,139.0
1834,2020/11/18 09:34:00,720.55,720.55,720.55,720.55,2.0
1835,2020/11/18 09:35:00,725.0,730.0,725.0,729.95,59.0
1836,2020/11/18 09:36:00,729.95,729.95,729.95,729.95,33.0
1837,2020/11/18 09:37:00,720.5,720.55,720.5,720.55,12.0
1838,2020/11/18 09:39:00,729.15,729.15,729.15,729.15,1.0
1839,2020/11/18 09:40:00,711.05,715.35,711.05,715.35,34.0
1840,2020/11/18 09:41:00,727.0,727.0,711.5,711.5,121.0
1841,2020/11/18 09:42:00,726.95,726.95,726.95,726.95,1.0
1842,2020/11/18 09:44:00,712.55,724.95,712.55,724.95,6.0
1843,2020/11/18 09:46:00,712.5,712.5,712.5,712.5,100.0
1844,2020/11/18 09:47:00,712.5,718.95,712.5,718.95,15.0
1845,2020/11/18 09:49:00,718.95,718.95,712.6,712.6,105.0
1846,2020/11/18 09:52:00,715.05,715.05,715.05,715.05,25.0
1847,2020/11/18 09:53:00,715.05,715.05,715.05,715.05,28.0
1848,2020/11/18 09:58:00,715.0,715.0,715.0,715.0,1.0
1849,2020/11/18 09:59:00,718.95,718.95,718.95,718.95,20.0
1850,2020/11/18 10:00:00,713.0,719.0,713.0,719.0,120.0
1851,2020/11/18 10:05:00,719.0,719.0,719.0,719.0,11.0
1852,2020/11/18 10:06:00,719.05,719.05,719.05,719.05,7.0
1853,2020/11/18 10:08:00,723.95,723.95,723.95,723.95,25.0
1854,2020/11/18 10:09:00,727.0,727.0,727.0,727.0,135.0
1855,2020/11/18 10:10:00,727.0,727.0,727.0,727.0,10.0
1856,2020/11/18 10:11:00,727.0,727.0,727.0,727.0,51.0
1857,2020/11/18 10:12:00,727.0,727.0,727.0,727.0,12.0
1858,2020/11/18 10:13:00,727.0,727.0,727.0,727.0,58.0
1859,2020/11/18 10:14:00,726.0,726.95,726.0,726.95,53.0
1860,2020/11/18 10:15:00,727.0,727.0,727.0,727.0,51.0
1861,2020/11/18 10:17:00,738.9,738.9,738.9,738.9,152.0
1862,2020/11/18 10:18:00,736.0,736.0,732.0,735.95,32.0
1863,2020/11/18 10:20:00,735.95,735.95,735.95,735.95,10.0
1864,2020/11/18 10:21:00,735.95,735.95,732.0,732.0,107.0
1865,2020/11/18 10:22:00,732.0,732.0,732.0,732.0,30.0
1866,2020/11/18 10:23:00,732.0,732.0,732.0,732.0,2.0
1867,2020/11/18 10:26:00,735.9,735.9,735.9,735.9,20.0
1868,2020/11/18 10:27:00,732.0,732.05,732.0,732.05,64.0
1869,2020/11/18 10:28:00,732.05,732.05,732.05,732.05,3.0
1870,2020/11/18 10:30:00,732.05,732.05,732.05,732.05,1.0
1871,2020/11/18 10:31:00,735.85,735.85,735.85,735.85,2.0
1872,2020/11/18 10:35:00,732.0,732.0,732.0,732.0,110.0
1873,2020/11/18 10:39:00,732.0,732.0,732.0,732.0,5.0
1874,2020/11/18 10:47:00,732.0,732.0,732.0,732.0,11.0
1875,2020/11/18 10:48:00,722.55,722.55,722.55,722.55,10.0
1876,2020/11/18 10:51:00,731.95,731.95,731.95,731.95,1.0
1877,2020/11/18 10:52:00,722.6,722.6,722.6,722.6,1.0
1878,2020/11/18 10:53:00,727.95,727.95,727.95,727.95,1.0
1879,2020/11/18 10:55:00,722.6,722.6,722.6,722.6,100.0
1880,2020/11/18 10:59:00,722.5,722.5,722.5,722.5,50.0
1881,2020/11/18 11:01:00,728.9,728.9,728.9,728.9,5.0
1882,2020/11/18 11:02:00,725.0,725.0,725.0,725.0,11.0
1883,2020/11/18 11:08:00,725.05,725.05,725.05,725.05,2.0
1884,2020/11/18 11:18:00,728.95,728.95,728.95,728.95,3.0
1885,2020/11/18 11:22:00,725.05,725.05,725.05,725.05,3.0
1886,2020/11/18 11:26:00,725.05,725.05,725.05,725.05,8.0
1887,2020/11/18 11:28:00,729.0,729.0,729.0,729.0,13.0
1888,2020/11/18 11:31:00,725.1,725.1,725.1,725.1,15.0
1889,2020/11/18 11:33:00,730.0,730.05,730.0,730.05,15.0
1890,2020/11/18 11:34:00,732.0,732.0,732.0,732.0,16.0
1891,2020/11/18 11:35:00,732.0,732.0,732.0,732.0,5.0
1892,2020/11/18 11:41:00,732.0,733.0,732.0,733.0,12.0
1893,2020/11/18 11:42:00,733.05,734.95,733.05,734.95,6.0
1894,2020/11/18 11:43:00,735.0,735.0,733.05,733.05,38.0
1895,2020/11/18 11:45:00,733.05,733.05,733.05,733.05,2.0
1896,2020/11/18 11:47:00,738.85,738.85,738.85,738.85,37.0
1897,2020/11/18 11:49:00,733.05,733.05,733.05,733.05,1.0
1898,2020/11/18 11:54:00,733.05,733.05,733.05,733.05,8.0
1899,2020/11/18 11:55:00,733.05,733.05,733.05,733.05,2.0
1900,2020/11/18 11:56:00,733.05,733.05,733.0,733.0,41.0
1901,2020/11/18 11:57:00,730.05,730.05,730.05,730.05,3.0
1902,2020/11/18 12:06:00,733.0,733.0,733.0,733.0,1.0
1903,2020/11/18 12:07:00,730.0,730.0,730.0,730.0,23.0
1904,2020/11/18 12:15:00,725.05,725.05,725.05,725.05,1.0
1905,2020/11/18 12:17:00,725.0,725.0,725.0,725.0,5.0
1906,2020/11/18 12:26:00,725.0,725.0,725.0,725.0,26.0
1907,2020/11/18 12:35:00,725.0,725.0,725.0,725.0,150.0
1908,2020/11/18 12:40:00,726.0,726.0,726.0,726.0,33.0
1909,2020/11/18 12:45:00,729.8,729.8,729.8,729.8,10.0
1910,2020/11/18 12:56:00,727.05,727.05,727.05,727.05,10.0
1911,2020/11/18 13:00:00,727.05,727.05,727.05,727.05,27.0
1912,2020/11/18 13:01:00,727.05,727.05,727.05,727.05,20.0
1913,2020/11/18 13:03:00,730.0,731.95,730.0,731.95,7.0
1914,2020/11/18 13:06:00,732.0,734.95,732.0,734.95,17.0
1915,2020/11/18 13:07:00,734.95,734.95,734.95,734.95,45.0
1916,2020/11/18 13:08:00,732.1,732.1,732.1,732.1,16.0
1917,2020/11/18 13:13:00,734.95,734.95,734.95,734.95,94.0
1918,2020/11/18 13:16:00,734.95,734.95,734.95,734.95,20.0
1919,2020/11/18 13:18:00,735.0,735.0,735.0,735.0,59.0
1920,2020/11/18 13:19:00,735.0,735.0,735.0,735.0,19.0
1921,2020/11/18 13:20:00,732.1,732.1,732.1,732.1,4.0
1922,2020/11/18 13:21:00,732.1,732.1,732.1,732.1,1.0
1923,2020/11/18 13:23:00,732.0,732.0,732.0,732.0,9.0
1924,2020/11/18 13:25:00,732.1,732.1,732.1,732.1,1.0
1925,2020/11/18 13:32:00,732.1,732.1,732.1,732.1,3.0
1926,2020/11/18 13:39:00,732.05,732.05,732.05,732.05,80.0
1927,2020/11/18 13:42:00,734.25,734.25,734.25,734.25,5.0
1928,2020/11/18 13:43:00,734.25,734.25,734.25,734.25,3.0
1929,2020/11/18 13:44:00,734.25,734.25,734.25,734.25,2.0
1930,2020/11/18 13:45:00,732.05,732.05,730.0,730.0,113.0
1931,2020/11/18 13:46:00,729.95,729.95,729.95,729.95,2.0
1932,2020/11/18 13:47:00,730.0,730.0,730.0,730.0,200.0
1933,2020/11/18 13:49:00,730.0,730.0,730.0,730.0,100.0
1934,2020/11/18 13:50:00,728.35,728.35,728.35,728.35,5.0
1935,2020/11/18 13:51:00,728.0,728.0,728.0,728.0,41.0
1936,2020/11/18 13:55:00,727.3,727.3,727.3,727.3,5.0
1937,2020/11/18 13:56:00,728.0,728.0,728.0,728.0,12.0
1938,2020/11/18 13:59:00,728.0,730.0,728.0,730.0,24.0
1939,2020/11/18 14:03:00,730.0,730.0,722.5,722.5,230.0
1940,2020/11/18 14:04:00,729.9,729.9,729.9,729.9,5.0
1941,2020/11/18 14:08:00,730.0,730.0,730.0,730.0,106.0
1942,2020/11/18 14:12:00,737.95,737.95,737.95,737.95,25.0
1943,2020/11/18 14:15:00,737.95,737.95,737.95,737.95,15.0
1944,2020/11/18 14:18:00,732.05,732.05,732.05,732.05,1.0
1945,2020/11/18 14:19:00,732.0,732.0,732.0,732.0,12.0
1946,2020/11/18 14:20:00,731.0,731.0,731.0,731.0,22.0
1947,2020/11/18 14:21:00,730.0,730.0,730.0,730.0,26.0
1948,2020/11/18 14:22:00,722.5,722.5,722.5,722.5,50.0
1949,2020/11/18 14:23:00,730.0,730.0,730.0,730.0,5.0
1950,2020/11/18 14:25:00,730.0,730.0,730.0,730.0,65.0
1951,2020/11/18 14:28:00,730.0,730.0,730.0,730.0,25.0
1952,2020/11/18 14:30:00,730.0,730.0,730.0,730.0,6.0
1953,2020/11/18 14:31:00,725.0,725.0,725.0,725.0,14.0
1954,2020/11/18 14:34:00,725.0,725.0,725.0,725.0,32.0
1955,2020/11/18 14:35:00,725.0,725.0,725.0,725.0,10.0
1956,2020/11/18 14:37:00,750.0,750.0,749.15,750.0,1349.0
1957,2020/11/18 14:38:00,749.95,750.0,749.95,750.0,26.0
1958,2020/11/18 14:39:00,745.0,745.0,737.05,744.8,10.0
1959,2020/11/18 14:40:00,750.0,750.0,750.0,750.0,15.0
1960,2020/11/18 14:41:00,737.15,737.15,737.15,737.15,25.0
1961,2020/11/18 14:42:00,737.3,737.3,737.3,737.3,1.0
1962,2020/11/18 14:45:00,744.95,744.95,737.85,737.85,9.0
1963,2020/11/18 14:46:00,749.9,749.9,749.9,749.9,14.0
1964,2020/11/18 14:47:00,750.0,750.0,750.0,750.0,25.0
1965,2020/11/18 14:49:00,742.75,742.75,742.75,742.75,2.0
1966,2020/11/18 14:53:00,740.6,740.6,740.6,740.6,4.0
1967,2020/11/18 14:55:00,739.95,740.0,739.95,740.0,29.0
1968,2020/11/18 14:56:00,749.95,749.95,749.95,749.95,14.0
1969,2020/11/18 14:59:00,740.55,740.55,740.55,740.55,7.0
1970,2020/11/18 15:05:00,741.05,741.05,741.05,741.05,1.0
1971,2020/11/18 15:06:00,737.2,737.2,737.2,737.2,40.0
1972,2020/11/18 15:08:00,738.0,738.0,738.0,738.0,7.0
1973,2020/11/18 15:10:00,738.0,738.0,738.0,738.0,7.0
1974,2020/11/18 15:11:00,738.0,738.0,738.0,738.0,3.0
1975,2020/11/18 15:13:00,738.0,738.0,738.0,738.0,6.0
1976,2020/11/18 15:20:00,737.2,737.2,737.2,737.2,4.0
1977,2020/11/18 15:22:00,739.0,739.0,739.0,739.0,25.0
1978,2020/11/18 15:23:00,739.0,739.0,732.0,732.0,72.0
1979,2020/11/18 15:26:00,739.0,739.0,739.0,739.0,5.0
1980,2020/11/18 15:28:00,739.0,739.0,739.0,739.0,2.0
1981,2020/11/18 15:29:00,739.0,739.0,728.0,728.0,318.0
1982,2020/11/19 09:07:00,712.0,712.0,712.0,712.0,1.0
1983,2020/11/19 09:15:00,712.0,712.0,712.0,712.0,0.0
1984,2020/11/19 09:18:00,748.0,748.0,748.0,748.0,100.0
1985,2020/11/19 09:19:00,748.9,748.9,748.9,748.9,21.0
1986,2020/11/19 09:23:00,729.05,729.05,729.05,729.05,2.0
1987,2020/11/19 09:25:00,729.15,729.25,729.15,729.25,51.0
1988,2020/11/19 09:28:00,729.3,729.3,729.3,729.3,11.0
1989,2020/11/19 09:30:00,724.95,724.95,719.95,719.95,87.0
1990,2020/11/19 09:31:00,718.0,719.9,714.0,719.9,253.0
1991,2020/11/19 09:32:00,713.1,713.55,713.1,713.55,127.0
1992,2020/11/19 09:33:00,713.5,713.5,713.45,713.45,44.0
1993,2020/11/19 09:34:00,712.65,713.45,712.6,713.45,122.0
1994,2020/11/19 09:36:00,713.5,713.5,713.5,713.5,1.0
1995,2020/11/19 09:40:00,722.85,722.85,722.85,722.85,2.0
1996,2020/11/19 09:42:00,713.35,713.35,713.0,713.0,49.0
1997,2020/11/19 09:43:00,713.0,713.0,713.0,713.0,1.0
1998,2020/11/19 09:44:00,717.0,717.0,717.0,717.0,47.0
1999,2020/11/19 09:45:00,717.05,717.05,717.0,717.0,53.0
2000,2020/11/19 09:52:00,717.0,717.0,717.0,717.0,16.0
2001,2020/11/19 09:54:00,719.95,719.95,719.95,719.95,1.0
2002,2020/11/19 09:55:00,717.0,717.0,717.0,717.0,105.0
2003,2020/11/19 09:56:00,717.0,717.0,717.0,717.0,22.0
2004,2020/11/19 09:59:00,719.7,719.7,719.7,719.7,1.0
2005,2020/11/19 10:00:00,717.0,717.0,717.0,717.0,20.0
2006,2020/11/19 10:02:00,717.0,717.0,717.0,717.0,76.0
2007,2020/11/19 10:03:00,719.65,719.65,719.65,719.65,7.0
2008,2020/11/19 10:08:00,724.35,724.35,724.35,724.35,10.0
2009,2020/11/19 10:11:00,720.0,720.0,720.0,720.0,15.0
2010,2020/11/19 10:12:00,723.95,723.95,723.95,723.95,1.0
2011,2020/11/19 10:14:00,720.25,720.25,720.25,720.25,25.0
2012,2020/11/19 10:15:00,720.05,734.0,720.05,734.0,120.0
2013,2020/11/19 10:17:00,734.75,734.75,734.75,734.75,5.0
2014,2020/11/19 10:18:00,730.05,730.05,730.0,730.0,15.0
2015,2020/11/19 10:22:00,728.0,728.0,728.0,728.0,4.0
2016,2020/11/19 10:26:00,733.9,733.9,733.9,733.9,15.0
2017,2020/11/19 10:36:00,730.0,730.0,728.25,728.25,16.0
2018,2020/11/19 10:37:00,725.0,725.0,722.65,722.65,13.0
2019,2020/11/19 10:46:00,722.75,722.75,722.75,722.75,26.0
2020,2020/11/19 10:48:00,722.85,722.85,722.85,722.85,1.0
2021,2020/11/19 10:52:00,725.0,725.0,725.0,725.0,1.0
2022,2020/11/19 10:55:00,725.0,725.0,725.0,725.0,6.0
2023,2020/11/19 11:00:00,725.95,728.0,724.95,725.05,56.0
2024,2020/11/19 11:01:00,725.0,725.0,725.0,725.0,5.0
2025,2020/11/19 11:03:00,724.9,724.95,724.35,724.95,193.0
2026,2020/11/19 11:04:00,724.65,729.6,724.65,729.6,72.0
2027,2020/11/19 11:17:00,728.95,729.95,728.95,729.95,102.0
2028,2020/11/19 11:27:00,729.95,729.95,729.95,729.95,3.0
2029,2020/11/19 11:30:00,729.95,729.95,729.95,729.95,5.0
2030,2020/11/19 11:31:00,724.65,724.65,724.65,724.65,15.0
2031,2020/11/19 11:41:00,732.0,732.0,732.0,732.0,61.0
2032,2020/11/19 11:42:00,732.0,732.0,732.0,732.0,39.0
2033,2020/11/19 11:43:00,732.55,732.55,725.2,725.2,12.0
2034,2020/11/19 11:57:00,732.0,732.0,732.0,732.0,17.0
2035,2020/11/19 12:02:00,726.65,726.65,726.65,726.65,3.0
2036,2020/11/19 12:09:00,732.0,732.0,732.0,732.0,8.0
2037,2020/11/19 12:10:00,732.0,732.0,732.0,732.0,7.0
2038,2020/11/19 12:13:00,736.0,736.0,736.0,736.0,50.0
2039,2020/11/19 12:15:00,740.0,750.0,740.0,750.0,566.0
2040,2020/11/19 12:16:00,750.0,760.3,730.35,760.0,280.0
2041,2020/11/19 12:17:00,759.95,767.0,759.0,767.0,533.0
2042,2020/11/19 12:18:00,767.75,768.0,742.0,767.9,113.0
2043,2020/11/19 12:19:00,742.0,762.0,742.0,762.0,148.0
2044,2020/11/19 12:20:00,760.0,768.9,734.05,755.05,250.0
2045,2020/11/19 12:21:00,735.0,765.0,735.0,760.0,55.0
2046,2020/11/19 12:22:00,764.0,765.0,763.95,765.0,14.0
2047,2020/11/19 12:23:00,743.35,764.95,740.6,740.6,166.0
2048,2020/11/19 12:24:00,763.4,764.0,755.0,759.95,509.0
2049,2020/11/19 12:26:00,749.95,750.0,749.95,750.0,8.0
2050,2020/11/19 12:28:00,751.5,751.5,751.5,751.5,1.0
2051,2020/11/19 12:29:00,755.0,755.0,750.05,750.05,108.0
2052,2020/11/19 12:30:00,750.15,767.9,750.15,767.9,75.0
2053,2020/11/19 12:31:00,767.9,767.9,767.9,767.9,52.0
2054,2020/11/19 12:34:00,761.95,761.95,761.95,761.95,4.0
2055,2020/11/19 12:35:00,754.55,754.55,754.55,754.55,5.0
2056,2020/11/19 12:36:00,758.0,758.0,752.55,752.55,18.0
2057,2020/11/19 12:37:00,752.4,752.55,752.4,752.55,187.0
2058,2020/11/19 12:38:00,752.55,752.55,750.6,752.55,96.0
2059,2020/11/19 12:39:00,752.55,752.55,750.65,752.55,60.0
2060,2020/11/19 12:41:00,750.05,751.45,750.0,751.45,173.0
2061,2020/11/19 12:42:00,751.45,752.55,750.0,750.0,149.0
2062,2020/11/19 12:44:00,750.0,750.0,750.0,750.0,5.0
2063,2020/11/19 12:45:00,752.5,752.5,750.05,750.05,15.0
2064,2020/11/19 12:48:00,750.0,750.0,750.0,750.0,15.0
2065,2020/11/19 12:49:00,738.0,750.5,738.0,750.5,501.0
2066,2020/11/19 12:50:00,751.5,751.5,751.5,751.5,50.0
2067,2020/11/19 12:51:00,751.35,751.35,751.35,751.35,10.0
2068,2020/11/19 12:52:00,738.35,738.35,738.35,738.35,10.0
2069,2020/11/19 12:53:00,749.85,749.85,741.45,745.95,141.0
2070,2020/11/19 12:54:00,743.95,744.65,738.0,738.0,41.0
2071,2020/11/19 12:55:00,740.0,743.5,740.0,743.5,10.0
2072,2020/11/19 12:56:00,739.95,745.05,739.95,745.05,23.0
2073,2020/11/19 12:57:00,741.0,745.05,740.95,745.0,15.0
2074,2020/11/19 12:58:00,741.0,745.05,740.95,745.05,16.0
2075,2020/11/19 12:59:00,741.2,746.05,741.2,745.0,23.0
2076,2020/11/19 13:05:00,740.05,740.05,738.0,740.0,206.0
2077,2020/11/19 13:06:00,740.0,740.0,740.0,740.0,80.0
2078,2020/11/19 13:07:00,740.0,740.0,740.0,740.0,1.0
2079,2020/11/19 13:08:00,740.0,740.0,738.0,738.0,29.0
2080,2020/11/19 13:11:00,744.0,744.0,744.0,744.0,5.0
2081,2020/11/19 13:13:00,743.05,743.05,743.05,743.05,2.0
2082,2020/11/19 13:14:00,739.0,739.0,739.0,739.0,151.0
2083,2020/11/19 13:21:00,740.0,740.0,740.0,740.0,5.0
2084,2020/11/19 13:26:00,748.8,748.8,748.8,748.8,100.0
2085,2020/11/19 13:31:00,749.0,749.0,749.0,749.0,50.0
2086,2020/11/19 13:33:00,752.0,752.0,752.0,752.0,125.0
2087,2020/11/19 13:36:00,747.65,747.65,747.65,747.65,2.0
2088,2020/11/19 13:38:00,744.45,746.5,732.7,732.7,603.0
2089,2020/11/19 13:39:00,753.5,753.5,753.5,753.5,1.0
2090,2020/11/19 13:42:00,748.95,751.0,748.95,751.0,128.0
2091,2020/11/19 13:43:00,740.5,740.5,740.35,740.35,66.0
2092,2020/11/19 13:44:00,748.95,748.95,740.3,740.35,245.0
2093,2020/11/19 13:54:00,744.3,744.3,744.3,744.3,22.0
2094,2020/11/19 13:55:00,749.95,763.9,744.15,763.9,207.0
2095,2020/11/19 13:56:00,751.35,751.35,749.0,750.0,33.0
2096,2020/11/19 13:57:00,751.35,752.8,744.3,752.15,31.0
2097,2020/11/19 13:58:00,746.4,750.0,746.4,750.0,16.0
2098,2020/11/19 14:01:00,748.2,748.2,745.35,745.35,28.0
2099,2020/11/19 14:02:00,750.55,750.55,746.0,746.0,32.0
2100,2020/11/19 14:03:00,747.85,750.0,747.85,750.0,55.0
2101,2020/11/19 14:18:00,745.3,745.3,745.05,745.05,33.0
2102,2020/11/19 14:19:00,742.0,742.0,742.0,742.0,10.0
2103,2020/11/19 14:20:00,741.4,741.4,741.4,741.4,71.0
2104,2020/11/19 14:21:00,740.0,740.0,740.0,740.0,129.0
2105,2020/11/19 14:23:00,745.0,745.0,745.0,745.0,25.0
2106,2020/11/19 14:24:00,740.0,740.0,740.0,740.0,20.0
2107,2020/11/19 14:26:00,745.0,745.0,745.0,745.0,10.0
2108,2020/11/19 14:28:00,740.1,740.1,740.1,740.1,3.0
2109,2020/11/19 14:29:00,740.1,740.1,740.1,740.1,3.0
2110,2020/11/19 14:30:00,740.0,740.0,740.0,740.0,58.0
2111,2020/11/19 14:31:00,740.0,740.0,740.0,740.0,27.0
2112,2020/11/19 14:32:00,740.0,740.0,740.0,740.0,22.0
2113,2020/11/19 14:39:00,740.05,745.0,740.05,745.0,9.0
2114,2020/11/19 14:40:00,750.0,750.0,750.0,750.0,69.0
2115,2020/11/19 14:42:00,740.1,740.1,740.1,740.1,1.0
2116,2020/11/19 14:43:00,740.05,740.05,740.05,740.05,2.0
2117,2020/11/19 14:45:00,749.95,749.95,749.95,749.95,4.0
2118,2020/11/19 14:46:00,750.0,750.0,750.0,750.0,4.0
2119,2020/11/19 14:47:00,750.0,750.0,750.0,750.0,6.0
2120,2020/11/19 14:48:00,750.0,750.0,750.0,750.0,11.0
2121,2020/11/19 14:50:00,750.0,750.0,750.0,750.0,3.0
2122,2020/11/19 14:52:00,750.0,750.0,750.0,750.0,5.0
2123,2020/11/19 14:53:00,750.0,750.0,750.0,750.0,5.0
2124,2020/11/19 14:54:00,750.0,750.0,745.0,745.0,92.0
2125,2020/11/19 14:55:00,745.0,745.0,745.0,745.0,1.0
2126,2020/11/19 14:56:00,750.0,750.0,750.0,750.0,21.0
2127,2020/11/19 14:57:00,750.0,750.0,750.0,750.0,20.0
2128,2020/11/19 14:58:00,750.0,750.0,750.0,750.0,1.0
2129,2020/11/19 15:06:00,750.0,750.0,750.0,750.0,1.0
2130,2020/11/19 15:09:00,750.0,750.0,750.0,750.0,9.0
2131,2020/11/19 15:12:00,750.0,750.0,750.0,750.0,56.0
2132,2020/11/19 15:15:00,753.65,753.65,753.65,753.65,10.0
2133,2020/11/19 15:21:00,750.0,750.0,750.0,750.0,100.0
2134,2020/11/19 15:22:00,750.0,750.0,750.0,750.0,15.0
2135,2020/11/19 15:23:00,750.0,750.0,750.0,750.0,15.0
2136,2020/11/19 15:27:00,750.0,750.0,750.0,750.0,200.0
2137,2020/11/19 15:28:00,750.0,750.0,750.0,750.0,35.0
2138,2020/11/19 15:29:00,750.0,751.5,750.0,750.6,47.0
2139,2020/11/19 15:41:00,750.15,750.15,750.15,750.15,1.0
2140,2020/11/20 09:07:00,750.15,750.15,750.15,750.15,6.0
2141,2020/11/20 09:15:00,750.15,750.15,750.15,750.15,0.0
2142,2020/11/20 09:17:00,745.2,745.2,745.2,745.2,1.0
2143,2020/11/20 09:18:00,736.15,736.15,736.15,736.15,100.0
2144,2020/11/20 09:21:00,736.05,736.05,736.05,736.05,5.0
2145,2020/11/20 09:25:00,747.45,747.45,747.45,747.45,10.0
2146,2020/11/20 09:27:00,736.0,736.0,736.0,736.0,100.0
2147,2020/11/20 09:31:00,744.95,744.95,744.95,744.95,1.0
2148,2020/11/20 09:41:00,736.0,736.0,736.0,736.0,8.0
2149,2020/11/20 09:43:00,736.0,736.0,736.0,736.0,1.0
2150,2020/11/20 09:45:00,736.0,736.0,732.0,732.0,84.0
2151,2020/11/20 09:46:00,730.7,730.7,730.7,730.7,10.0
2152,2020/11/20 09:49:00,730.7,730.7,730.7,730.7,1.0
2153,2020/11/20 09:50:00,735.9,735.9,735.9,735.9,2.0
2154,2020/11/20 09:51:00,730.0,731.0,730.0,730.0,57.0
2155,2020/11/20 09:54:00,735.0,735.0,735.0,735.0,22.0
2156,2020/11/20 09:58:00,734.9,734.9,734.85,734.85,15.0
2157,2020/11/20 10:19:00,734.75,734.75,734.75,734.75,11.0
2158,2020/11/20 10:23:00,734.75,734.75,734.75,734.75,5.0
2159,2020/11/20 10:29:00,732.0,732.0,732.0,732.0,20.0
2160,2020/11/20 10:39:00,734.45,734.45,734.45,734.45,28.0
2161,2020/11/20 10:40:00,734.45,734.45,734.45,734.45,2.0
2162,2020/11/20 10:41:00,734.45,734.5,734.45,734.5,29.0
2163,2020/11/20 10:43:00,734.0,734.0,734.0,734.0,10.0
2164,2020/11/20 10:45:00,732.25,732.25,732.25,732.25,1.0
2165,2020/11/20 10:59:00,732.25,732.25,732.25,732.25,1.0
2166,2020/11/20 11:03:00,730.85,730.85,730.05,730.05,70.0
2167,2020/11/20 11:04:00,732.0,732.0,732.0,732.0,21.0
2168,2020/11/20 11:20:00,731.45,731.45,731.45,731.45,10.0
2169,2020/11/20 11:28:00,730.05,730.05,730.05,730.05,19.0
2170,2020/11/20 11:41:00,730.05,731.2,730.05,731.2,31.0
2171,2020/11/20 11:53:00,730.9,730.9,730.9,730.9,5.0
2172,2020/11/20 12:03:00,730.9,730.9,730.9,730.9,1.0
2173,2020/11/20 12:10:00,730.9,730.9,730.9,730.9,20.0
2174,2020/11/20 12:15:00,730.95,730.95,730.95,730.95,10.0
2175,2020/11/20 12:16:00,731.2,731.2,731.2,731.2,200.0
2176,2020/11/20 12:34:00,731.25,731.25,731.25,731.25,50.0
2177,2020/11/20 12:37:00,731.25,731.25,731.25,731.25,2.0
2178,2020/11/20 12:38:00,731.25,731.25,731.25,731.25,4.0
2179,2020/11/20 12:39:00,732.0,732.0,732.0,732.0,23.0
2180,2020/11/20 12:43:00,732.0,732.0,732.0,732.0,5.0
2181,2020/11/20 12:47:00,732.0,732.0,732.0,732.0,6.0
2182,2020/11/20 12:48:00,732.0,732.0,732.0,732.0,1.0
2183,2020/11/20 12:51:00,731.95,731.95,728.0,728.05,37.0
2184,2020/11/20 13:02:00,730.05,732.0,730.05,732.0,16.0
2185,2020/11/20 13:31:00,728.05,728.05,728.05,728.05,3.0
2186,2020/11/20 13:34:00,729.95,729.95,729.95,729.95,1.0
2187,2020/11/20 13:41:00,726.6,726.6,726.6,726.6,7.0
2188,2020/11/20 13:47:00,730.0,730.0,730.0,730.0,1.0
2189,2020/11/20 13:51:00,726.45,726.45,726.45,726.45,14.0
2190,2020/11/20 13:59:00,726.6,726.6,726.6,726.6,2.0
2191,2020/11/20 14:24:00,732.05,732.05,732.05,732.05,21.0
2192,2020/11/20 14:26:00,730.0,730.0,730.0,730.0,13.0
2193,2020/11/20 14:28:00,730.0,730.0,730.0,730.0,5.0
2194,2020/11/20 14:39:00,725.0,725.0,725.0,725.0,120.0
2195,2020/11/20 14:40:00,729.95,729.95,729.95,729.95,30.0
2196,2020/11/20 14:44:00,725.05,725.05,725.05,725.05,9.0
2197,2020/11/20 14:48:00,725.5,725.5,725.5,725.5,12.0
2198,2020/11/20 14:49:00,729.95,729.95,729.95,729.95,5.0
2199,2020/11/20 14:50:00,730.0,730.0,730.0,730.0,13.0
2200,2020/11/20 15:05:00,729.75,729.75,729.75,729.75,51.0
2201,2020/11/20 15:15:00,729.05,729.7,729.05,729.7,27.0
2202,2020/11/20 15:16:00,730.0,730.0,730.0,730.0,102.0
2203,2020/11/20 15:20:00,730.05,730.05,730.05,730.05,1.0
2204,2020/11/20 15:21:00,730.4,734.95,730.35,734.95,21.0
2205,2020/11/20 15:22:00,740.0,740.0,740.0,740.0,102.0
2206,2020/11/20 15:25:00,740.0,740.0,733.0,733.0,31.0
2207,2020/11/20 15:27:00,733.05,733.05,733.05,733.05,3.0
2208,2020/11/20 15:28:00,740.0,740.0,740.0,740.0,10.0
2209,2020/11/20 15:29:00,740.0,740.0,740.0,740.0,30.0
2210,2020/11/23 09:07:00,749.8,749.8,749.8,749.8,10.0
2211,2020/11/23 09:15:00,749.9,749.9,749.9,749.9,1.0
2212,2020/11/23 09:22:00,739.0,739.0,739.0,739.0,13.0
2213,2020/11/23 09:26:00,739.0,739.0,738.95,739.0,5.0
2214,2020/11/23 09:28:00,734.75,734.75,733.5,733.5,18.0
2215,2020/11/23 09:30:00,735.0,735.0,735.0,735.0,5.0
2216,2020/11/23 09:35:00,734.95,734.95,734.95,734.95,10.0
2217,2020/11/23 09:36:00,733.85,733.85,733.85,733.85,1.0
2218,2020/11/23 09:40:00,730.0,730.0,727.05,727.05,22.0
2219,2020/11/23 09:41:00,725.05,725.05,725.05,725.05,1.0
2220,2020/11/23 09:42:00,730.95,730.95,730.95,730.95,100.0
2221,2020/11/23 09:45:00,730.75,730.75,727.95,727.95,10.0
2222,2020/11/23 09:46:00,727.95,727.95,727.95,727.95,1.0
2223,2020/11/23 09:48:00,726.0,726.05,726.0,726.05,13.0
2224,2020/11/23 09:49:00,726.05,726.05,726.05,726.05,14.0
2225,2020/11/23 09:55:00,730.0,730.0,730.0,730.0,12.0
2226,2020/11/23 09:59:00,720.0,729.95,720.0,729.95,127.0
2227,2020/11/23 10:07:00,724.35,724.35,724.35,724.35,10.0
2228,2020/11/23 10:15:00,725.0,725.0,724.95,724.95,2.0
2229,2020/11/23 10:28:00,724.7,724.7,724.0,724.0,2.0
2230,2020/11/23 10:29:00,724.0,724.0,724.0,724.0,1.0
2231,2020/11/23 10:30:00,724.0,724.0,724.0,724.0,10.0
2232,2020/11/23 10:32:00,720.75,723.9,720.75,723.9,18.0
2233,2020/11/23 10:35:00,723.85,723.85,723.85,723.85,2.0
2234,2020/11/23 10:36:00,720.0,720.0,720.0,720.0,9.0
2235,2020/11/23 10:39:00,720.0,720.0,720.0,720.0,6.0
2236,2020/11/23 10:40:00,719.35,719.35,719.35,719.35,30.0
2237,2020/11/23 10:42:00,717.95,717.95,717.95,717.95,28.0
2238,2020/11/23 10:43:00,715.0,715.0,715.0,715.0,3.0
2239,2020/11/23 10:51:00,715.0,715.05,715.0,715.05,25.0
2240,2020/11/23 10:53:00,717.95,717.95,717.95,717.95,5.0
2241,2020/11/23 10:56:00,717.95,717.95,717.95,717.95,5.0
2242,2020/11/23 11:01:00,717.95,717.95,717.95,717.95,5.0
2243,2020/11/23 11:05:00,717.95,717.95,717.95,717.95,38.0
2244,2020/11/23 11:08:00,721.4,721.4,721.4,721.4,1.0
2245,2020/11/23 11:20:00,724.75,724.75,724.75,724.75,5.0
2246,2020/11/23 11:23:00,724.75,724.75,724.75,724.75,1.0
2247,2020/11/23 11:28:00,724.75,724.75,724.75,724.75,10.0
2248,2020/11/23 11:29:00,725.0,725.0,725.0,725.0,111.0
2249,2020/11/23 11:31:00,722.0,722.0,722.0,722.0,9.0
2250,2020/11/23 11:58:00,724.7,724.7,724.7,724.7,3.0
2251,2020/11/23 12:03:00,728.0,728.0,728.0,728.0,10.0
2252,2020/11/23 12:06:00,727.95,727.95,727.95,727.95,1.0
2253,2020/11/23 12:09:00,727.95,727.95,727.95,727.95,1.0
2254,2020/11/23 12:20:00,728.0,728.0,728.0,728.0,50.0
2255,2020/11/23 12:23:00,728.0,728.0,728.0,728.0,50.0
2256,2020/11/23 12:41:00,728.0,728.0,728.0,728.0,150.0
2257,2020/11/23 12:44:00,722.0,722.0,722.0,722.0,20.0
2258,2020/11/23 13:45:00,722.0,722.0,722.0,722.0,10.0
2259,2020/11/23 13:51:00,728.0,728.0,728.0,728.0,25.0
2260,2020/11/23 13:56:00,727.85,727.85,727.85,727.85,6.0
2261,2020/11/23 14:06:00,722.0,722.0,722.0,722.0,25.0
2262,2020/11/23 14:33:00,722.0,722.0,722.0,722.0,10.0
2263,2020/11/23 14:35:00,722.0,722.0,722.0,722.0,1.0
2264,2020/11/23 14:37:00,725.0,725.0,725.0,725.0,10.0
2265,2020/11/23 14:39:00,722.0,725.0,722.0,725.0,20.0
2266,2020/11/23 14:43:00,722.0,722.0,722.0,722.0,5.0
2267,2020/11/23 14:48:00,723.95,723.95,723.95,723.95,11.0
2268,2020/11/23 14:50:00,723.9,723.9,723.9,723.9,1.0
2269,2020/11/23 14:53:00,722.95,722.95,722.95,722.95,5.0
2270,2020/11/23 14:58:00,724.9,724.9,724.9,724.9,15.0
2271,2020/11/23 15:03:00,722.0,722.0,711.65,711.65,131.0
2272,2020/11/23 15:05:00,721.0,721.0,715.05,715.05,9.0
2273,2020/11/23 15:10:00,723.95,723.95,723.95,723.95,50.0
2274,2020/11/23 15:11:00,723.95,723.95,723.95,723.95,50.0
2275,2020/11/23 15:16:00,715.3,715.3,715.3,715.3,1.0
2276,2020/11/23 15:18:00,723.0,723.0,723.0,723.0,25.0
2277,2020/11/23 15:24:00,723.0,723.0,723.0,723.0,8.0
2278,2020/11/23 15:25:00,723.0,723.0,723.0,723.0,1.0
2279,2020/11/23 15:27:00,717.7,717.7,717.65,717.65,34.0
2280,2020/11/23 15:28:00,717.7,717.7,712.0,717.7,29.0
2281,2020/11/23 15:29:00,717.7,717.7,717.7,717.7,3.0
2282,2020/11/24 09:22:00,714.95,724.55,714.95,720.0,15.0
2283,2020/11/24 09:23:00,720.05,735.9,715.05,724.55,114.0
2284,2020/11/24 09:30:00,723.9,723.9,723.9,723.9,3.0
2285,2020/11/24 09:35:00,722.5,722.5,722.5,722.5,18.0
2286,2020/11/24 09:38:00,722.5,722.5,722.5,722.5,7.0
2287,2020/11/24 09:39:00,722.5,722.5,722.5,722.5,50.0
2288,2020/11/24 09:41:00,725.4,725.9,725.4,725.9,8.0
2289,2020/11/24 09:47:00,722.5,722.5,722.5,722.5,60.0
2290,2020/11/24 09:49:00,722.55,722.55,722.55,722.55,1.0
2291,2020/11/24 09:55:00,722.55,722.55,722.55,722.55,15.0
2292,2020/11/24 10:02:00,722.55,722.55,722.55,722.55,2.0
2293,2020/11/24 10:04:00,716.95,716.95,716.95,716.95,25.0
2294,2020/11/24 10:08:00,725.4,727.85,725.4,727.0,79.0
2295,2020/11/24 10:09:00,727.5,727.5,727.5,727.5,1.0
2296,2020/11/24 10:11:00,727.8,727.8,727.8,727.8,12.0
2297,2020/11/24 10:31:00,727.5,727.5,727.5,727.5,1.0
2298,2020/11/24 10:38:00,725.55,725.55,722.95,722.95,18.0
2299,2020/11/24 10:43:00,727.5,727.85,727.5,727.85,52.0
2300,2020/11/24 10:44:00,727.85,727.85,727.85,727.85,50.0
2301,2020/11/24 10:45:00,721.6,721.6,721.6,721.6,10.0
2302,2020/11/24 10:46:00,727.85,727.85,727.85,727.85,5.0
2303,2020/11/24 10:47:00,720.05,720.05,720.05,720.05,50.0
2304,2020/11/24 10:48:00,727.85,727.85,727.85,727.85,7.0
2305,2020/11/24 10:49:00,727.9,730.0,727.9,730.0,100.0
2306,2020/11/24 10:52:00,730.0,730.0,730.0,730.0,1.0
2307,2020/11/24 10:53:00,721.35,721.35,721.35,721.35,2.0
2308,2020/11/24 11:08:00,728.05,728.05,728.05,728.05,6.0
2309,2020/11/24 11:09:00,724.0,729.75,724.0,729.75,20.0
2310,2020/11/24 11:17:00,721.55,721.55,721.55,721.55,19.0
2311,2020/11/24 11:18:00,725.0,725.0,725.0,725.0,500.0
2312,2020/11/24 11:19:00,729.55,729.55,729.55,729.55,2.0
2313,2020/11/24 11:24:00,720.0,720.0,720.0,720.0,25.0
2314,2020/11/24 11:27:00,720.0,720.0,719.95,719.95,17.0
2315,2020/11/24 11:46:00,730.0,730.0,730.0,730.0,100.0
2316,2020/11/24 11:57:00,714.0,723.4,714.0,723.4,26.0
2317,2020/11/24 12:09:00,722.5,722.5,722.5,722.5,8.0
2318,2020/11/24 12:21:00,715.15,715.15,715.15,715.15,3.0
2319,2020/11/24 12:36:00,713.55,713.55,713.55,713.55,30.0
2320,2020/11/24 12:46:00,722.0,722.0,722.0,722.0,50.0
2321,2020/11/24 12:57:00,715.75,715.75,715.1,715.1,10.0
2322,2020/11/24 13:02:00,715.0,715.0,715.0,715.0,50.0
2323,2020/11/24 13:03:00,721.05,721.05,721.05,721.05,65.0
2324,2020/11/24 13:06:00,714.2,714.2,714.2,714.2,85.0
2325,2020/11/24 13:33:00,718.05,718.05,718.05,718.05,20.0
2326,2020/11/24 13:39:00,716.1,716.1,716.1,716.1,10.0
2327,2020/11/24 13:43:00,717.95,717.95,717.95,717.95,18.0
2328,2020/11/24 13:46:00,717.95,717.95,717.95,717.95,1.0
2329,2020/11/24 13:54:00,718.0,718.0,718.0,718.0,3.0
2330,2020/11/24 14:06:00,716.05,716.05,716.05,716.05,4.0
2331,2020/11/24 14:08:00,716.1,716.1,716.1,716.1,14.0
2332,2020/11/24 14:32:00,717.0,717.0,717.0,717.0,2.0
2333,2020/11/24 14:33:00,717.0,717.0,717.0,717.0,15.0
2334,2020/11/24 14:48:00,717.0,718.0,717.0,718.0,32.0
2335,2020/11/24 14:59:00,714.0,714.0,714.0,714.0,45.0
2336,2020/11/24 15:09:00,717.6,717.6,717.6,717.6,15.0
2337,2020/11/24 15:14:00,715.1,715.1,715.1,715.1,22.0
2338,2020/11/24 15:19:00,715.15,715.15,715.15,715.15,1.0
2339,2020/11/24 15:20:00,715.15,715.15,715.15,715.15,1.0
2340,2020/11/24 15:21:00,714.9,714.9,714.9,714.9,7.0
2341,2020/11/24 15:22:00,714.3,714.3,714.3,714.3,9.0
2342,2020/11/24 15:23:00,714.3,714.3,714.3,714.3,55.0
2343,2020/11/24 15:24:00,714.25,714.25,714.25,714.25,100.0
2344,2020/11/24 15:28:00,714.0,714.0,714.0,714.0,23.0
2345,2020/11/24 15:49:00,715.0,715.0,715.0,715.0,20.0
2346,2020/11/25 09:20:00,722.0,722.25,722.0,722.25,50.0
2347,2020/11/25 09:26:00,722.3,722.3,722.3,722.3,39.0
2348,2020/11/25 09:27:00,725.0,725.05,725.0,725.05,79.0
2349,2020/11/25 09:29:00,730.0,730.0,730.0,730.0,1.0
2350,2020/11/25 09:32:00,712.5,712.5,712.5,712.5,5.0
2351,2020/11/25 09:38:00,717.95,724.05,717.95,724.05,4.0
2352,2020/11/25 09:39:00,717.95,724.05,717.95,719.0,10.0
2353,2020/11/25 09:40:00,718.95,724.9,710.1,724.9,210.0
2354,2020/11/25 09:54:00,723.8,723.8,723.8,723.8,1.0
2355,2020/11/25 10:02:00,717.05,717.05,717.0,717.0,7.0
2356,2020/11/25 10:03:00,716.05,716.05,716.0,716.0,2.0
2357,2020/11/25 10:04:00,722.85,722.85,722.65,722.65,14.0
2358,2020/11/25 10:05:00,715.05,722.65,715.0,715.0,19.0
2359,2020/11/25 10:06:00,716.5,716.5,716.5,716.5,1.0
2360,2020/11/25 10:07:00,721.75,721.75,721.75,721.75,1.0
2361,2020/11/25 10:14:00,723.0,723.0,723.0,723.0,10.0
2362,2020/11/25 10:24:00,710.25,710.25,710.25,710.25,80.0
2363,2020/11/25 10:26:00,715.05,715.05,715.0,715.0,7.0
2364,2020/11/25 10:33:00,710.25,710.25,710.25,710.25,18.0
2365,2020/11/25 10:38:00,710.25,710.25,710.25,710.25,17.0
2366,2020/11/25 10:45:00,718.9,718.9,718.9,718.9,2.0
2367,2020/11/25 10:51:00,710.0,710.0,710.0,710.0,171.0
2368,2020/11/25 10:53:00,710.0,710.0,708.0,708.0,77.0
2369,2020/11/25 10:54:00,708.0,708.0,706.1,706.1,29.0
2370,2020/11/25 10:56:00,706.5,706.5,706.5,706.5,10.0
2371,2020/11/25 10:59:00,710.0,710.0,710.0,710.0,5.0
2372,2020/11/25 11:00:00,706.65,706.65,706.65,706.65,30.0
2373,2020/11/25 11:21:00,716.85,716.85,716.85,716.85,18.0
2374,2020/11/25 11:26:00,709.95,713.55,709.95,713.55,26.0
2375,2020/11/25 11:27:00,710.0,712.05,707.55,707.55,22.0
2376,2020/11/25 11:48:00,713.15,713.15,713.15,713.15,1.0
2377,2020/11/25 11:54:00,708.05,708.05,708.05,708.05,10.0
2378,2020/11/25 11:56:00,714.55,714.55,714.55,714.55,26.0
2379,2020/11/25 11:57:00,716.65,716.65,716.65,716.65,20.0
2380,2020/11/25 12:00:00,708.0,708.0,708.0,708.0,49.0
2381,2020/11/25 12:05:00,716.65,716.65,716.65,716.65,50.0
2382,2020/11/25 12:13:00,708.0,708.0,708.0,708.0,100.0
2383,2020/11/25 12:17:00,714.55,714.55,714.55,714.55,2.0
2384,2020/11/25 12:24:00,715.0,715.0,715.0,715.0,50.0
2385,2020/11/25 12:30:00,708.25,708.25,708.25,708.25,6.0
2386,2020/11/25 12:39:00,708.35,708.35,708.35,708.35,10.0
2387,2020/11/25 12:45:00,713.15,715.9,713.15,715.9,51.0
2388,2020/11/25 13:04:00,713.9,713.9,713.9,713.9,4.0
2389,2020/11/25 13:06:00,712.3,712.3,712.3,712.3,1.0
2390,2020/11/25 13:08:00,710.0,710.0,710.0,710.0,99.0
2391,2020/11/25 13:11:00,708.8,708.8,708.8,708.8,6.0
2392,2020/11/25 13:15:00,708.8,708.8,708.8,708.8,5.0
2393,2020/11/25 13:31:00,708.85,708.85,708.85,708.85,1.0
2394,2020/11/25 13:36:00,708.5,708.5,702.65,702.65,222.0
2395,2020/11/25 13:39:00,709.95,709.95,709.95,709.95,15.0
2396,2020/11/25 13:40:00,709.8,709.8,709.8,709.8,1.0
2397,2020/11/25 13:48:00,703.45,703.45,703.45,703.45,10.0
2398,2020/11/25 13:49:00,709.8,709.8,709.8,709.8,5.0
2399,2020/11/25 14:02:00,709.7,709.7,709.7,709.7,5.0
2400,2020/11/25 14:07:00,704.05,704.05,704.05,704.05,2.0
2401,2020/11/25 14:09:00,703.0,703.0,703.0,703.0,59.0
2402,2020/11/25 14:13:00,703.0,703.0,703.0,703.0,8.0
2403,2020/11/25 14:25:00,703.1,703.1,703.1,703.1,5.0
2404,2020/11/25 14:33:00,700.0,700.0,695.2,699.65,291.0
2405,2020/11/25 14:34:00,699.45,699.45,699.45,699.45,6.0
2406,2020/11/25 14:43:00,695.0,695.0,695.0,695.0,20.0
2407,2020/11/25 14:44:00,697.55,697.55,697.55,697.55,1.0
2408,2020/11/25 14:46:00,703.0,703.0,703.0,703.0,67.0
2409,2020/11/25 15:02:00,699.0,699.0,699.0,699.0,101.0
2410,2020/11/25 15:05:00,699.0,699.0,699.0,699.0,1.0
2411,2020/11/25 15:06:00,699.0,699.0,695.0,695.0,2.0
2412,2020/11/25 15:13:00,696.0,696.0,696.0,696.0,23.0
2413,2020/11/25 15:23:00,696.0,696.0,696.0,696.0,10.0
2414,2020/11/25 15:24:00,696.0,696.0,696.0,696.0,4.0
2415,2020/11/25 15:27:00,695.0,695.0,691.0,691.0,67.0
2416,2020/11/25 15:28:00,691.0,691.0,691.0,691.0,5.0
2417,2020/11/25 15:29:00,690.0,716.0,690.0,716.0,27.0
2418,2020/11/26 09:15:00,698.15,698.15,698.15,698.15,2.0
2419,2020/11/26 09:41:00,700.6,702.05,700.6,700.6,18.0
2420,2020/11/26 09:55:00,700.3,700.3,700.3,700.3,10.0
2421,2020/11/26 10:00:00,702.95,708.0,702.95,703.95,19.0
2422,2020/11/26 10:01:00,710.0,710.0,705.0,707.05,12.0
2423,2020/11/26 10:02:00,703.95,708.05,703.95,708.05,8.0
2424,2020/11/26 10:03:00,703.95,707.05,703.95,707.05,6.0
2425,2020/11/26 10:04:00,702.0,702.0,702.0,702.0,4.0
2426,2020/11/26 10:06:00,701.15,701.15,701.15,701.15,5.0
2427,2020/11/26 10:08:00,706.9,706.9,706.9,706.9,1.0
2428,2020/11/26 10:09:00,701.2,701.2,701.2,701.2,1.0
2429,2020/11/26 10:10:00,701.2,701.2,701.2,701.2,24.0
2430,2020/11/26 10:12:00,707.05,707.05,707.05,707.05,10.0
2431,2020/11/26 10:16:00,707.0,707.0,707.0,707.0,2.0
2432,2020/11/26 10:18:00,711.9,711.9,711.9,711.9,15.0
2433,2020/11/26 10:31:00,702.05,702.05,702.05,702.05,2.0
2434,2020/11/26 10:33:00,702.05,702.05,702.05,702.05,1.0
2435,2020/11/26 10:37:00,702.05,702.05,702.05,702.05,52.0
2436,2020/11/26 10:39:00,710.95,710.95,702.15,702.15,23.0
2437,2020/11/26 10:50:00,710.75,710.75,710.75,710.75,10.0
2438,2020/11/26 10:58:00,708.65,708.65,708.65,708.65,4.0
2439,2020/11/26 11:23:00,707.95,707.95,707.95,707.95,10.0
2440,2020/11/26 11:39:00,708.0,708.0,708.0,708.0,100.0
2441,2020/11/26 11:45:00,702.0,702.0,702.0,702.0,9.0
2442,2020/11/26 11:46:00,702.05,702.05,702.05,702.05,1.0
2443,2020/11/26 12:12:00,702.25,702.25,702.25,702.25,3.0
2444,2020/11/26 12:30:00,707.95,707.95,707.95,707.95,1.0
2445,2020/11/26 13:02:00,707.9,707.9,707.9,707.9,1.0
2446,2020/11/26 13:08:00,703.45,703.45,700.05,700.05,40.0
2447,2020/11/26 13:10:00,700.0,700.0,700.0,700.0,15.0
2448,2020/11/26 13:25:00,707.05,707.05,707.05,707.05,12.0
2449,2020/11/26 13:31:00,700.0,700.0,700.0,700.0,20.0
2450,2020/11/26 13:42:00,706.9,706.9,706.9,706.9,10.0
2451,2020/11/26 13:53:00,706.9,706.9,706.9,706.9,10.0
2452,2020/11/26 14:12:00,702.0,702.0,702.0,702.0,20.0
2453,2020/11/26 14:37:00,707.0,707.0,707.0,707.0,40.0
2454,2020/11/26 14:56:00,702.0,702.0,702.0,702.0,23.0
2455,2020/11/26 15:01:00,707.0,707.0,707.0,707.0,77.0
2456,2020/11/26 15:03:00,712.05,712.05,712.05,712.05,76.0
2457,2020/11/26 15:04:00,705.05,705.05,705.05,705.05,3.0
2458,2020/11/26 15:15:00,715.0,715.0,715.0,715.0,14.0
2459,2020/11/26 15:17:00,715.0,715.0,715.0,715.0,34.0
2460,2020/11/26 15:19:00,710.0,710.0,708.0,710.0,24.0
2461,2020/11/26 15:24:00,708.0,710.0,708.0,710.0,18.0
2462,2020/11/26 15:26:00,715.0,715.0,715.0,715.0,20.0
2463,2020/11/27 09:25:00,720.0,720.0,720.0,720.0,6.0
2464,2020/11/27 09:26:00,730.0,730.0,710.65,710.65,30.0
2465,2020/11/27 09:29:00,714.05,714.05,714.05,714.05,1.0
2466,2020/11/27 09:30:00,715.05,715.05,714.05,714.05,7.0
2467,2020/11/27 09:32:00,715.0,715.0,715.0,715.0,2.0
2468,2020/11/27 09:44:00,714.95,714.95,714.95,714.95,3.0
2469,2020/11/27 09:54:00,710.0,710.0,710.0,710.0,14.0
2470,2020/11/27 09:55:00,709.95,709.95,709.95,709.95,2.0
2471,2020/11/27 09:56:00,710.0,710.0,710.0,710.0,8.0
2472,2020/11/27 10:03:00,710.0,710.0,710.0,710.0,100.0
2473,2020/11/27 10:11:00,710.0,710.0,710.0,710.0,1.0
2474,2020/11/27 10:17:00,710.0,710.0,710.0,710.0,25.0
2475,2020/11/27 10:22:00,710.0,710.0,710.0,710.0,17.0
2476,2020/11/27 10:32:00,710.05,710.05,710.05,710.05,1.0
2477,2020/11/27 10:39:00,715.0,715.0,715.0,715.0,20.0
2478,2020/11/27 10:54:00,713.0,713.0,713.0,713.0,3.0
2479,2020/11/27 10:55:00,713.0,713.0,713.0,713.0,6.0
2480,2020/11/27 11:01:00,713.0,713.0,713.0,713.0,1.0
2481,2020/11/27 11:07:00,712.5,712.5,712.5,712.5,10.0
2482,2020/11/27 11:09:00,712.4,712.4,712.4,712.4,10.0
2483,2020/11/27 11:26:00,720.0,720.0,720.0,720.0,48.0
2484,2020/11/27 11:30:00,719.95,719.95,719.95,719.95,1.0
2485,2020/11/27 12:07:00,711.05,711.05,711.05,711.05,11.0
2486,2020/11/27 12:30:00,711.2,711.2,711.2,711.2,15.0
2487,2020/11/27 12:34:00,710.0,710.0,710.0,710.0,20.0
2488,2020/11/27 12:53:00,710.05,710.05,710.05,710.05,2.0
2489,2020/11/27 13:36:00,712.5,717.05,712.5,712.95,17.0
2490,2020/11/27 13:37:00,717.05,717.05,711.95,711.95,11.0
2491,2020/11/27 13:38:00,716.05,716.05,713.0,716.0,16.0
2492,2020/11/27 13:39:00,712.95,715.05,710.0,710.0,5.0
2493,2020/11/27 13:54:00,718.0,718.0,718.0,718.0,10.0
2494,2020/11/27 14:00:00,716.0,716.0,716.0,716.0,5.0
2495,2020/11/27 14:01:00,716.0,716.0,716.0,716.0,5.0
2496,2020/11/27 14:43:00,720.0,720.0,720.0,720.0,100.0
2497,2020/11/27 14:48:00,720.0,720.0,720.0,720.0,20.0
2498,2020/11/27 14:55:00,715.0,715.0,715.0,715.0,10.0
2499,2020/11/27 15:14:00,715.0,715.0,715.0,715.0,12.0
2500,2020/11/27 15:19:00,715.0,715.0,715.0,715.0,10.0
2501,2020/11/27 15:20:00,715.0,715.0,715.0,715.0,80.0
2502,2020/11/27 15:26:00,715.0,715.0,715.0,715.0,14.0
2503,2020/11/27 15:27:00,717.55,717.55,715.0,715.0,45.0
2504,2020/11/27 15:28:00,715.0,715.0,715.0,715.0,2.0
2505,2020/12/01 09:07:00,725.0,725.0,725.0,725.0,151.0
2506,2020/12/01 09:15:00,725.0,725.0,725.0,725.0,0.0
2507,2020/12/01 09:19:00,728.0,728.0,728.0,728.0,28.0
2508,2020/12/01 09:21:00,728.15,728.15,728.15,728.15,10.0
2509,2020/12/01 09:23:00,730.0,730.0,726.05,726.05,33.0
2510,2020/12/01 09:24:00,725.0,725.0,725.0,725.0,113.0
2511,2020/12/01 09:28:00,700.0,700.0,699.95,700.0,314.0
2512,2020/12/01 09:29:00,699.95,700.0,699.95,700.0,26.0
2513,2020/12/01 09:30:00,700.0,700.0,700.0,700.0,165.0
2514,2020/12/01 09:31:00,715.0,715.0,715.0,715.0,10.0
2515,2020/12/01 09:35:00,707.0,707.0,707.0,707.0,1.0
2516,2020/12/01 09:36:00,710.0,710.0,710.0,710.0,31.0
2517,2020/12/01 09:39:00,710.0,710.0,710.0,710.0,87.0
2518,2020/12/01 09:40:00,710.0,710.0,710.0,710.0,15.0
2519,2020/12/01 09:41:00,710.0,710.0,710.0,710.0,10.0
2520,2020/12/01 09:45:00,710.0,710.1,710.0,710.1,50.0
2521,2020/12/01 09:55:00,710.0,710.1,710.0,710.1,26.0
2522,2020/12/01 10:06:00,714.95,714.95,714.95,714.95,100.0
2523,2020/12/01 10:08:00,714.95,714.95,714.95,714.95,50.0
2524,2020/12/01 10:09:00,715.0,715.0,715.0,715.0,17.0
2525,2020/12/01 10:12:00,715.0,715.0,715.0,715.0,1.0
2526,2020/12/01 10:15:00,715.0,715.0,715.0,715.0,25.0
2527,2020/12/01 10:23:00,719.95,719.95,719.95,719.95,5.0
2528,2020/12/01 10:24:00,719.95,719.95,719.95,719.95,5.0
2529,2020/12/01 10:31:00,708.0,708.9,708.0,708.9,4.0
2530,2020/12/01 10:32:00,708.1,708.1,708.1,708.1,26.0
2531,2020/12/01 10:35:00,719.95,719.95,719.95,719.95,10.0
2532,2020/12/01 10:37:00,719.85,719.85,719.85,719.85,4.0
2533,2020/12/01 10:38:00,719.5,719.5,719.5,719.5,39.0
2534,2020/12/01 10:55:00,719.5,719.5,719.5,719.5,44.0
2535,2020/12/01 11:04:00,714.0,714.0,714.0,714.0,87.0
2536,2020/12/01 11:07:00,719.5,719.5,719.5,719.5,5.0
2537,2020/12/01 11:11:00,719.5,719.5,719.5,719.5,4.0
2538,2020/12/01 11:12:00,719.5,719.5,719.5,719.5,5.0
2539,2020/12/01 11:14:00,715.05,715.05,715.05,715.05,2.0
2540,2020/12/01 11:19:00,720.0,720.0,720.0,720.0,15.0
2541,2020/12/01 11:23:00,722.95,722.95,722.95,722.95,2.0
2542,2020/12/01 11:25:00,720.0,720.0,720.0,720.0,2.0
2543,2020/12/01 11:37:00,720.0,720.0,720.0,720.0,8.0
2544,2020/12/01 11:47:00,723.0,723.0,723.0,723.0,7.0
2545,2020/12/01 11:48:00,723.0,723.0,723.0,723.0,37.0
2546,2020/12/01 11:49:00,723.0,723.0,723.0,723.0,60.0
2547,2020/12/01 11:53:00,723.0,725.0,723.0,725.0,50.0
2548,2020/12/01 11:58:00,717.15,717.15,717.15,717.15,105.0
2549,2020/12/01 12:12:00,717.2,717.2,717.2,717.2,1.0
2550,2020/12/01 12:25:00,725.0,726.05,725.0,726.05,220.0
2551,2020/12/01 12:26:00,728.0,728.0,728.0,728.0,50.0
2552,2020/12/01 12:27:00,730.0,730.0,730.0,730.0,56.0
2553,2020/12/01 12:30:00,726.2,726.2,726.2,726.2,10.0
2554,2020/12/01 12:31:00,726.0,726.0,726.0,726.0,10.0
2555,2020/12/01 12:36:00,727.0,727.0,727.0,727.0,15.0
2556,2020/12/01 12:37:00,727.0,727.0,727.0,727.0,15.0
2557,2020/12/01 12:38:00,727.0,731.0,727.0,730.7,78.0
2558,2020/12/01 12:40:00,742.0,742.0,742.0,742.0,110.0
2559,2020/12/01 12:42:00,740.0,740.0,735.05,740.0,61.0
2560,2020/12/01 12:43:00,740.0,740.0,720.55,720.55,136.0
2561,2020/12/01 12:44:00,731.0,742.0,731.0,742.0,414.0
2562,2020/12/01 12:45:00,744.9,759.9,744.9,750.35,398.0
2563,2020/12/01 12:46:00,755.65,775.0,755.65,770.15,158.0
2564,2020/12/01 12:47:00,777.0,777.0,777.0,777.0,77.0
2565,2020/12/01 12:48:00,772.0,775.0,772.0,772.0,54.0
2566,2020/12/01 12:49:00,772.0,775.0,769.0,769.0,96.0
2567,2020/12/01 12:50:00,766.0,766.0,766.0,766.0,6.0
2568,2020/12/01 12:51:00,766.0,766.0,766.0,766.0,1.0
2569,2020/12/01 12:53:00,766.0,766.0,766.0,766.0,15.0
2570,2020/12/01 12:55:00,766.0,766.0,766.0,766.0,28.0
2571,2020/12/01 12:56:00,764.0,766.0,764.0,766.0,2.0
2572,2020/12/01 12:57:00,760.0,761.0,760.0,761.0,29.0
2573,2020/12/01 12:58:00,751.55,751.55,751.55,751.55,25.0
2574,2020/12/01 13:01:00,751.0,756.9,751.0,756.9,11.0
2575,2020/12/01 13:03:00,757.45,757.45,757.45,757.45,3.0
2576,2020/12/01 13:04:00,751.25,751.3,751.25,751.3,10.0
2577,2020/12/01 13:08:00,751.0,751.0,751.0,751.0,35.0
2578,2020/12/01 13:10:00,751.0,751.0,751.0,751.0,5.0
2579,2020/12/01 13:13:00,759.0,759.0,759.0,759.0,49.0
2580,2020/12/01 13:15:00,751.1,751.1,751.1,751.1,1.0
2581,2020/12/01 13:17:00,751.1,751.1,751.1,751.1,6.0
2582,2020/12/01 13:21:00,758.0,760.0,758.0,760.0,106.0
2583,2020/12/01 13:25:00,760.0,770.0,760.0,770.0,64.0
2584,2020/12/01 13:26:00,769.85,770.0,769.85,770.0,69.0
2585,2020/12/01 13:27:00,770.0,770.0,770.0,770.0,33.0
2586,2020/12/01 13:28:00,770.0,770.0,770.0,770.0,12.0
2587,2020/12/01 13:29:00,770.0,770.0,770.0,770.0,51.0
2588,2020/12/01 13:30:00,770.0,770.0,770.0,770.0,5.0
2589,2020/12/01 13:31:00,770.0,771.0,770.0,770.0,65.0
2590,2020/12/01 13:32:00,770.0,770.0,770.0,770.0,100.0
2591,2020/12/01 13:33:00,770.0,770.0,770.0,770.0,53.0
2592,2020/12/01 13:34:00,770.0,770.0,770.0,770.0,35.0
2593,2020/12/01 13:37:00,770.0,770.0,770.0,770.0,4.0
2594,2020/12/01 13:38:00,772.0,772.0,772.0,772.0,11.0
2595,2020/12/01 13:39:00,772.0,772.0,770.0,770.0,157.0
2596,2020/12/01 13:41:00,770.0,770.0,770.0,770.0,8.0
2597,2020/12/01 13:42:00,770.0,770.0,770.0,770.0,13.0
2598,2020/12/01 13:44:00,770.0,773.0,768.0,768.0,206.0
2599,2020/12/01 13:46:00,768.0,768.0,768.0,768.0,37.0
2600,2020/12/01 13:47:00,768.05,768.05,768.05,768.05,2.0
2601,2020/12/01 13:48:00,768.0,768.0,768.0,768.0,110.0
2602,2020/12/01 13:50:00,760.0,760.0,760.0,760.0,100.0
2603,2020/12/01 13:53:00,765.0,768.0,765.0,768.0,190.0
2604,2020/12/01 13:54:00,768.0,768.0,765.0,765.0,112.0
2605,2020/12/01 13:55:00,768.0,768.0,759.35,763.15,50.0
2606,2020/12/01 13:57:00,762.0,762.0,762.0,762.0,12.0
2607,2020/12/01 13:58:00,765.0,765.0,765.0,765.0,11.0
2608,2020/12/01 14:00:00,764.0,764.05,762.0,764.05,105.0
2609,2020/12/01 14:02:00,767.5,767.5,767.5,767.5,21.0
2610,2020/12/01 14:06:00,765.0,765.0,765.0,765.0,1.0
2611,2020/12/01 14:07:00,767.0,767.0,767.0,767.0,1.0
2612,2020/12/01 14:08:00,765.0,765.0,765.0,765.0,7.0
2613,2020/12/01 14:09:00,765.0,765.0,765.0,765.0,1.0
2614,2020/12/01 14:11:00,767.0,767.5,767.0,767.5,50.0
2615,2020/12/01 14:12:00,767.0,767.0,767.0,767.0,1.0
2616,2020/12/01 14:13:00,767.5,767.5,767.5,767.5,1.0
2617,2020/12/01 14:16:00,765.0,765.0,765.0,765.0,221.0
2618,2020/12/01 14:20:00,765.05,765.05,765.05,765.05,10.0
2619,2020/12/01 14:24:00,765.05,765.05,765.05,765.05,10.0
2620,2020/12/01 14:25:00,765.05,765.05,765.05,765.05,30.0
2621,2020/12/01 14:26:00,765.0,765.0,765.0,765.0,161.0
2622,2020/12/01 14:27:00,765.0,765.35,765.0,765.0,169.0
2623,2020/12/01 14:30:00,765.0,765.0,765.0,765.0,10.0
2624,2020/12/01 14:32:00,766.95,767.0,765.0,767.0,4.0
2625,2020/12/01 14:33:00,767.0,770.0,767.0,770.0,74.0
2626,2020/12/01 14:34:00,770.0,773.0,770.0,773.0,89.0
2627,2020/12/01 14:35:00,776.0,780.0,776.0,780.0,355.0
2628,2020/12/01 14:36:00,777.0,790.0,777.0,786.5,226.0
2629,2020/12/01 14:37:00,777.0,786.85,777.0,786.85,213.0
2630,2020/12/01 14:38:00,786.85,786.85,786.85,786.85,40.0
2631,2020/12/01 14:39:00,784.0,784.0,784.0,784.0,341.0
2632,2020/12/01 14:40:00,783.9,790.0,778.15,788.75,306.0
2633,2020/12/01 14:41:00,778.75,790.0,778.75,785.0,336.0
2634,2020/12/01 14:42:00,785.0,797.0,779.2,779.2,207.0
2635,2020/12/01 14:43:00,780.1,785.0,780.1,785.0,34.0
2636,2020/12/01 14:44:00,781.35,783.0,781.35,783.0,3.0
2637,2020/12/01 14:45:00,780.3,780.3,780.3,780.3,100.0
2638,2020/12/01 14:46:00,789.85,789.85,789.85,789.85,5.0
2639,2020/12/01 14:47:00,789.85,789.85,785.0,785.0,27.0
2640,2020/12/01 14:48:00,784.0,784.9,777.0,784.9,96.0
2641,2020/12/01 14:49:00,784.9,814.85,784.9,805.0,4481.0
2642,2020/12/01 14:50:00,805.0,812.0,790.5,802.0,1970.0
2643,2020/12/01 14:51:00,795.35,800.0,786.0,794.95,1644.0
2644,2020/12/01 14:52:00,794.95,797.8,789.8,795.15,1927.0
2645,2020/12/01 14:53:00,795.7,795.7,790.2,793.0,327.0
2646,2020/12/01 14:54:00,786.0,792.9,786.0,788.0,275.0
2647,2020/12/01 14:55:00,788.0,789.75,787.55,788.0,97.0
2648,2020/12/01 14:56:00,789.75,789.75,786.15,787.95,156.0
2649,2020/12/01 14:57:00,787.0,787.95,787.0,787.05,41.0
2650,2020/12/01 14:58:00,788.0,789.0,787.05,789.0,76.0
2651,2020/12/01 14:59:00,789.0,791.7,787.0,787.5,65.0
2652,2020/12/01 15:00:00,791.5,792.0,790.95,792.0,354.0
2653,2020/12/01 15:01:00,792.15,798.0,792.15,796.9,454.0
2654,2020/12/01 15:02:00,796.9,797.0,794.4,794.4,58.0
2655,2020/12/01 15:03:00,796.6,796.8,792.2,792.2,132.0
2656,2020/12/01 15:04:00,792.15,796.0,787.2,796.0,241.0
2657,2020/12/01 15:05:00,792.0,792.0,792.0,792.0,140.0
2658,2020/12/01 15:06:00,792.0,792.05,792.0,792.0,120.0
2659,2020/12/01 15:07:00,791.0,795.0,791.0,791.05,117.0
2660,2020/12/01 15:08:00,790.0,790.0,787.5,787.5,109.0
2661,2020/12/01 15:09:00,781.25,786.6,781.25,786.6,370.0
2662,2020/12/01 15:10:00,785.0,792.4,785.0,787.15,11.0
2663,2020/12/01 15:11:00,787.7,787.7,785.0,785.0,136.0
2664,2020/12/01 15:12:00,781.25,785.0,781.25,785.0,44.0
2665,2020/12/01 15:13:00,790.0,795.0,790.0,795.0,534.0
2666,2020/12/01 15:14:00,795.0,795.0,791.4,791.4,311.0
2667,2020/12/01 15:15:00,791.3,796.0,789.7,796.0,566.0
2668,2020/12/01 15:16:00,790.5,790.5,790.5,790.5,29.0
2669,2020/12/01 15:17:00,787.65,793.3,787.65,790.05,118.0
2670,2020/12/01 15:18:00,794.45,794.45,786.4,792.7,55.0
2671,2020/12/01 15:19:00,795.0,795.0,790.15,792.0,503.0
2672,2020/12/01 15:20:00,789.75,792.0,788.5,788.5,93.0
2673,2020/12/01 15:21:00,792.0,792.0,786.05,786.05,175.0
2674,2020/12/01 15:22:00,789.95,791.85,785.5,791.85,148.0
2675,2020/12/01 15:23:00,787.0,791.85,787.0,790.0,136.0
2676,2020/12/01 15:24:00,787.1,798.0,787.1,788.35,962.0
2677,2020/12/01 15:25:00,796.45,796.45,790.0,795.0,111.0
2678,2020/12/01 15:26:00,793.0,796.8,791.0,793.0,105.0
2679,2020/12/01 15:27:00,796.0,796.0,793.0,793.0,144.0
2680,2020/12/01 15:28:00,793.0,797.95,791.5,797.95,263.0
2681,2020/12/01 15:29:00,797.95,800.0,793.0,793.0,315.0
2682,2020/12/01 15:41:00,792.3,792.3,792.3,792.3,10.0
2683,2020/12/02 09:07:00,802.55,802.55,802.55,802.55,354.0
2684,2020/12/02 09:15:00,802.55,824.0,802.55,824.0,296.0
2685,2020/12/02 09:16:00,815.55,817.0,805.0,811.95,160.0
2686,2020/12/02 09:17:00,815.0,815.0,804.55,813.0,589.0
2687,2020/12/02 09:18:00,812.8,812.8,804.5,804.5,53.0
2688,2020/12/02 09:19:00,804.5,805.25,804.5,805.25,351.0
2689,2020/12/02 09:20:00,805.5,810.85,805.5,810.85,11.0
2690,2020/12/02 09:21:00,810.0,810.0,806.35,806.35,40.0
2691,2020/12/02 09:22:00,806.4,808.0,806.4,807.95,20.0
2692,2020/12/02 09:23:00,805.0,805.0,803.0,803.0,431.0
2693,2020/12/02 09:24:00,805.0,805.0,805.0,805.0,149.0
2694,2020/12/02 09:25:00,807.1,810.0,804.05,810.0,25.0
2695,2020/12/02 09:26:00,805.0,809.9,805.0,809.9,125.0
2696,2020/12/02 09:27:00,805.0,809.85,805.0,809.85,70.0
2697,2020/12/02 09:28:00,809.8,809.8,805.65,805.65,104.0
2698,2020/12/02 09:29:00,806.05,806.05,806.05,806.05,2.0
2699,2020/12/02 09:30:00,809.8,809.8,809.8,809.8,1.0
2700,2020/12/02 09:31:00,806.05,806.05,806.05,806.05,17.0
2701,2020/12/02 09:32:00,806.05,806.05,806.05,806.05,20.0
2702,2020/12/02 09:33:00,806.0,806.0,806.0,806.0,20.0
2703,2020/12/02 09:34:00,806.0,806.0,806.0,806.0,50.0
2704,2020/12/02 09:35:00,809.9,809.9,806.15,809.9,65.0
2705,2020/12/02 09:36:00,806.3,809.0,806.3,806.35,70.0
2706,2020/12/02 09:37:00,806.35,806.35,806.35,806.35,1.0
2707,2020/12/02 09:38:00,808.05,809.9,808.05,809.9,106.0
2708,2020/12/02 09:39:00,807.05,807.05,807.05,807.05,20.0
2709,2020/12/02 09:41:00,806.25,806.25,806.25,806.25,23.0
2710,2020/12/02 09:42:00,806.25,810.0,806.25,806.35,119.0
2711,2020/12/02 09:43:00,809.95,809.95,806.35,809.0,87.0
2712,2020/12/02 09:44:00,807.9,809.0,807.8,809.0,17.0
2713,2020/12/02 09:45:00,810.0,810.0,809.0,809.0,104.0
2714,2020/12/02 09:46:00,807.05,807.05,807.05,807.05,9.0
2715,2020/12/02 09:47:00,807.05,810.0,807.05,810.0,223.0
2716,2020/12/02 09:48:00,809.95,809.95,807.0,807.0,45.0
2717,2020/12/02 09:49:00,807.1,809.95,807.1,809.95,192.0
2718,2020/12/02 09:50:00,809.85,809.85,809.85,809.85,20.0
2719,2020/12/02 09:51:00,814.0,814.0,808.1,814.0,213.0
2720,2020/12/02 09:53:00,812.25,812.25,812.25,812.25,8.0
2721,2020/12/02 09:54:00,807.6,807.6,807.6,807.6,10.0
2722,2020/12/02 09:55:00,812.9,812.9,807.8,807.8,45.0
2723,2020/12/02 09:57:00,808.35,808.35,808.35,808.35,2.0
2724,2020/12/02 09:58:00,808.05,808.05,807.55,807.55,65.0
2725,2020/12/02 09:59:00,807.55,807.55,807.55,807.55,70.0
2726,2020/12/02 10:00:00,809.55,809.55,808.15,808.15,103.0
2727,2020/12/02 10:01:00,809.0,809.0,809.0,809.0,136.0
2728,2020/12/02 10:02:00,807.6,807.6,807.6,807.6,35.0
2729,2020/12/02 10:03:00,809.0,809.0,809.0,809.0,57.0
2730,2020/12/02 10:04:00,809.0,809.0,808.95,809.0,309.0
2731,2020/12/02 10:05:00,809.0,809.0,809.0,809.0,25.0
2732,2020/12/02 10:06:00,808.95,808.95,808.95,808.95,25.0
2733,2020/12/02 10:07:00,809.0,809.0,809.0,809.0,86.0
2734,2020/12/02 10:08:00,808.95,808.95,808.95,808.95,106.0
2735,2020/12/02 10:09:00,809.0,809.0,808.95,809.0,142.0
2736,2020/12/02 10:10:00,808.95,808.95,808.95,808.95,50.0
2737,2020/12/02 10:11:00,808.95,809.0,808.95,808.95,66.0
2738,2020/12/02 10:12:00,809.0,809.0,809.0,809.0,10.0
2739,2020/12/02 10:14:00,793.0,793.0,793.0,793.0,494.0
2740,2020/12/02 10:15:00,808.25,808.25,794.05,794.05,35.0
2741,2020/12/02 10:16:00,796.05,796.05,796.05,796.05,17.0
2742,2020/12/02 10:17:00,799.2,799.95,799.2,799.95,45.0
2743,2020/12/02 10:18:00,800.0,800.0,800.0,800.0,5.0
2744,2020/12/02 10:19:00,800.0,800.05,796.2,800.05,39.0
2745,2020/12/02 10:20:00,804.05,807.95,804.05,807.95,7.0
2746,2020/12/02 10:21:00,808.4,808.4,808.4,808.4,1.0
2747,2020/12/02 10:22:00,804.05,804.05,804.05,804.05,3.0
2748,2020/12/02 10:24:00,804.0,804.05,804.0,804.05,110.0
2749,2020/12/02 10:25:00,804.0,804.0,804.0,804.0,5.0
2750,2020/12/02 10:27:00,804.0,808.5,804.0,808.5,38.0
2751,2020/12/02 10:33:00,805.0,805.0,805.0,805.0,9.0
2752,2020/12/02 10:34:00,805.4,805.4,805.1,805.1,23.0
2753,2020/12/02 10:35:00,809.5,810.25,809.5,810.25,461.0
2754,2020/12/02 10:36:00,810.25,812.05,810.25,812.05,129.0
2755,2020/12/02 10:37:00,813.95,814.0,813.0,814.0,83.0
2756,2020/12/02 10:39:00,810.0,810.0,810.0,810.0,99.0
2757,2020/12/02 10:41:00,810.05,810.05,810.05,810.05,10.0
2758,2020/12/02 10:45:00,812.95,812.95,812.95,812.95,36.0
2759,2020/12/02 10:47:00,812.0,812.0,812.0,812.0,50.0
2760,2020/12/02 10:48:00,812.95,812.95,812.95,812.95,2.0
2761,2020/12/02 10:50:00,813.0,814.0,813.0,814.0,65.0
2762,2020/12/02 10:51:00,814.0,814.0,813.9,813.9,52.0
2763,2020/12/02 10:53:00,812.0,814.0,810.05,810.05,111.0
2764,2020/12/02 10:54:00,813.95,813.95,813.95,813.95,66.0
2765,2020/12/02 10:55:00,814.0,814.0,814.0,814.0,50.0
2766,2020/12/02 10:56:00,814.0,814.0,814.0,814.0,61.0
2767,2020/12/02 10:58:00,814.0,814.0,811.05,811.05,45.0
2768,2020/12/02 10:59:00,810.05,810.05,810.05,810.05,100.0
2769,2020/12/02 11:05:00,812.95,812.95,812.95,812.95,10.0
2770,2020/12/02 11:06:00,813.95,813.95,813.95,813.95,75.0
2771,2020/12/02 11:07:00,814.0,814.0,814.0,814.0,25.0
2772,2020/12/02 11:10:00,814.0,814.0,810.1,810.1,7.0
2773,2020/12/02 11:14:00,810.1,810.1,810.1,810.1,5.0
2774,2020/12/02 11:15:00,814.0,814.0,814.0,814.0,60.0
2775,2020/12/02 11:18:00,810.05,810.05,810.05,810.05,1.0
2776,2020/12/02 11:19:00,810.0,810.0,810.0,810.0,206.0
2777,2020/12/02 11:20:00,806.75,810.0,806.75,810.0,20.0
2778,2020/12/02 11:21:00,810.05,810.55,808.0,808.45,75.0
2779,2020/12/02 11:22:00,813.65,813.65,813.65,813.65,3.0
2780,2020/12/02 11:23:00,813.0,813.0,813.0,813.0,1.0
2781,2020/12/02 11:25:00,806.95,806.95,806.8,806.8,10.0
2782,2020/12/02 11:30:00,813.0,813.0,813.0,813.0,7.0
2783,2020/12/02 11:33:00,811.0,811.0,811.0,811.0,120.0
2784,2020/12/02 11:35:00,807.05,810.95,807.05,810.95,2.0
2785,2020/12/02 11:38:00,808.05,808.05,808.05,808.05,4.0
2786,2020/12/02 11:41:00,811.0,811.0,811.0,811.0,30.0
2787,2020/12/02 11:44:00,809.8,809.8,809.8,809.8,5.0
2788,2020/12/02 11:45:00,808.05,808.05,808.05,808.05,5.0
2789,2020/12/02 11:48:00,811.0,811.0,811.0,811.0,36.0
2790,2020/12/02 11:50:00,808.15,808.15,806.05,806.05,30.0
2791,2020/12/02 11:59:00,807.05,807.05,807.05,807.05,13.0
2792,2020/12/02 12:00:00,810.0,810.0,809.95,809.95,28.0
2793,2020/12/02 12:01:00,810.0,811.0,810.0,811.0,32.0
2794,2020/12/02 12:03:00,807.0,807.0,807.0,807.0,22.0
2795,2020/12/02 12:04:00,811.0,811.0,811.0,811.0,5.0
2796,2020/12/02 12:08:00,811.0,811.0,811.0,811.0,10.0
2797,2020/12/02 12:15:00,811.0,811.0,811.0,811.0,79.0
2798,2020/12/02 12:20:00,811.0,811.0,811.0,811.0,1.0
2799,2020/12/02 12:23:00,807.05,807.05,807.05,807.05,1.0
2800,2020/12/02 12:26:00,810.0,810.0,810.0,810.0,10.0
2801,2020/12/02 12:28:00,807.05,807.05,807.05,807.05,1.0
2802,2020/12/02 12:32:00,810.0,810.0,810.0,810.0,5.0
2803,2020/12/02 12:37:00,810.0,810.0,810.0,810.0,1.0
2804,2020/12/02 12:38:00,810.0,810.0,810.0,810.0,1.0
2805,2020/12/02 12:39:00,807.0,807.0,806.0,806.0,50.0
2806,2020/12/02 12:41:00,806.05,806.05,806.05,806.05,1.0
2807,2020/12/02 12:42:00,806.0,806.0,806.0,806.0,10.0
2808,2020/12/02 12:44:00,810.0,810.0,810.0,810.0,10.0
2809,2020/12/02 12:46:00,806.05,806.05,806.05,806.05,5.0
2810,2020/12/02 12:47:00,805.0,805.0,805.0,805.0,110.0
2811,2020/12/02 12:52:00,805.0,805.0,805.0,805.0,50.0
2812,2020/12/02 13:03:00,805.0,805.0,805.0,805.0,40.0
2813,2020/12/02 13:11:00,805.0,805.0,805.0,805.0,22.0
2814,2020/12/02 13:21:00,805.0,805.0,805.0,805.0,60.0
2815,2020/12/02 13:26:00,795.0,795.0,794.0,794.0,176.0
2816,2020/12/02 13:40:00,795.0,795.0,795.0,795.0,1.0
2817,2020/12/02 13:42:00,798.45,802.0,798.45,801.55,41.0
2818,2020/12/02 13:43:00,798.95,802.05,796.0,796.0,12.0
2819,2020/12/02 13:44:00,808.9,808.9,808.9,808.9,7.0
2820,2020/12/02 14:05:00,804.95,804.95,804.95,804.95,1.0
2821,2020/12/02 14:07:00,795.1,795.1,795.1,795.1,115.0
2822,2020/12/02 14:12:00,800.95,800.95,800.95,800.95,4.0
2823,2020/12/02 14:13:00,800.0,800.0,800.0,800.0,21.0
2824,2020/12/02 14:14:00,800.0,800.0,800.0,800.0,111.0
2825,2020/12/02 14:15:00,800.0,800.0,800.0,800.0,24.0
2826,2020/12/02 14:16:00,800.0,800.0,800.0,800.0,2.0
2827,2020/12/02 14:24:00,795.0,795.0,795.0,795.0,25.0
2828,2020/12/02 14:26:00,795.0,795.0,795.0,795.0,4.0
2829,2020/12/02 14:31:00,796.85,796.85,796.85,796.85,11.0
2830,2020/12/02 14:33:00,808.65,808.65,808.65,808.65,100.0
2831,2020/12/02 14:35:00,807.75,807.75,807.75,807.75,5.0
2832,2020/12/02 14:36:00,797.7,797.7,797.7,797.7,1.0
2833,2020/12/02 14:38:00,807.85,807.85,807.85,807.85,12.0
2834,2020/12/02 14:39:00,807.85,807.85,807.85,807.85,25.0
2835,2020/12/02 14:40:00,800.0,800.0,800.0,800.0,8.0
2836,2020/12/02 14:41:00,800.0,800.0,800.0,800.0,17.0
2837,2020/12/02 14:42:00,805.9,805.9,805.9,805.9,5.0
2838,2020/12/02 14:46:00,806.95,806.95,806.95,806.95,30.0
2839,2020/12/02 14:50:00,805.0,805.0,805.0,805.0,1.0
2840,2020/12/02 14:52:00,797.05,797.05,797.05,797.05,10.0
2841,2020/12/02 14:55:00,795.05,803.95,795.05,803.95,51.0
2842,2020/12/02 15:06:00,802.25,802.25,802.25,802.25,2.0
2843,2020/12/02 15:07:00,797.5,797.5,797.5,797.5,25.0
2844,2020/12/02 15:08:00,801.85,801.85,801.85,801.85,3.0
2845,2020/12/02 15:09:00,799.0,799.0,799.0,799.0,4.0
2846,2020/12/02 15:16:00,799.0,799.0,799.0,799.0,3.0
2847,2020/12/02 15:17:00,799.0,799.0,799.0,799.0,2.0
2848,2020/12/02 15:20:00,805.0,805.0,805.0,805.0,22.0
2849,2020/12/02 15:21:00,804.8,804.8,800.0,803.95,57.0
2850,2020/12/02 15:22:00,799.05,799.05,799.05,799.05,1.0
2851,2020/12/02 15:23:00,803.7,803.7,797.55,797.55,85.0
2852,2020/12/02 15:25:00,803.65,803.65,803.65,803.65,2.0
2853,2020/12/02 15:26:00,797.55,797.55,797.55,797.55,10.0
2854,2020/12/02 15:28:00,799.95,799.95,795.0,795.0,175.0
2855,2020/12/02 15:29:00,795.0,795.0,775.0,790.0,238.0
2856,2020/12/03 09:15:00,791.1,791.1,791.1,791.1,23.0
2857,2020/12/03 09:18:00,791.1,791.1,790.0,790.0,26.0
2858,2020/12/03 09:21:00,824.0,824.0,793.15,814.4,273.0
2859,2020/12/03 09:23:00,763.3,804.95,763.3,785.95,374.0
2860,2020/12/03 09:24:00,830.0,830.0,804.6,804.6,457.0
2861,2020/12/03 09:25:00,817.0,817.0,805.9,805.9,27.0
2862,2020/12/03 09:26:00,814.95,814.95,814.95,814.95,50.0
2863,2020/12/03 09:27:00,802.25,802.25,801.95,801.95,3.0
2864,2020/12/03 09:28:00,802.3,805.0,802.3,805.0,64.0
2865,2020/12/03 09:31:00,800.05,804.95,800.05,804.95,15.0
2866,2020/12/03 09:32:00,805.0,805.0,805.0,805.0,44.0
2867,2020/12/03 09:35:00,816.1,816.1,816.1,816.1,10.0
2868,2020/12/03 09:37:00,817.35,817.35,817.35,817.35,12.0
2869,2020/12/03 09:41:00,816.0,816.0,816.0,816.0,7.0
2870,2020/12/03 09:44:00,806.4,814.4,806.4,814.4,22.0
2871,2020/12/03 09:46:00,805.5,805.5,805.5,805.5,50.0
2872,2020/12/03 09:47:00,814.4,814.4,806.15,806.15,43.0
2873,2020/12/03 09:48:00,814.35,814.35,814.35,814.35,20.0
2874,2020/12/03 09:50:00,806.2,814.3,806.2,814.3,25.0
2875,2020/12/03 09:51:00,814.3,816.0,806.15,806.15,44.0
2876,2020/12/03 09:52:00,816.0,817.35,816.0,817.35,113.0
2877,2020/12/03 09:55:00,817.3,817.3,817.3,817.3,1.0
2878,2020/12/03 09:56:00,817.35,817.35,817.35,817.35,50.0
2879,2020/12/03 09:57:00,818.0,818.0,818.0,818.0,200.0
2880,2020/12/03 09:58:00,818.0,818.0,818.0,818.0,3.0
2881,2020/12/03 10:00:00,820.0,820.0,820.0,820.0,30.0
2882,2020/12/03 10:01:00,820.0,820.0,817.0,819.95,229.0
2883,2020/12/03 10:03:00,813.0,813.0,813.0,813.0,40.0
2884,2020/12/03 10:10:00,812.85,812.85,812.85,812.85,9.0
2885,2020/12/03 10:14:00,819.3,819.3,819.3,819.3,9.0
2886,2020/12/03 10:15:00,819.3,819.3,815.0,815.95,49.0
2887,2020/12/03 10:16:00,815.95,825.0,815.0,824.3,370.0
2888,2020/12/03 10:17:00,825.0,832.0,823.0,832.0,543.0
2889,2020/12/03 10:18:00,832.0,840.0,832.0,834.0,371.0
2890,2020/12/03 10:19:00,837.0,847.95,835.0,844.75,439.0
2891,2020/12/03 10:20:00,842.9,850.0,835.0,850.0,579.0
2892,2020/12/03 10:21:00,849.0,850.0,848.0,848.0,92.0
2893,2020/12/03 10:22:00,848.0,874.2,848.0,858.65,254.0
2894,2020/12/03 10:23:00,859.2,870.0,857.0,857.0,431.0
2895,2020/12/03 10:24:00,858.0,860.4,850.3,850.3,201.0
2896,2020/12/03 10:25:00,850.0,874.0,850.0,859.4,467.0
2897,2020/12/03 10:26:00,855.0,872.8,855.0,858.0,89.0
2898,2020/12/03 10:27:00,858.0,858.0,855.0,858.0,365.0
2899,2020/12/03 10:28:00,855.0,858.0,855.0,858.0,99.0
2900,2020/12/03 10:29:00,858.0,870.0,858.0,870.0,132.0
2901,2020/12/03 10:30:00,867.95,868.0,864.9,864.9,294.0
2902,2020/12/03 10:31:00,864.9,867.0,864.9,866.5,490.0
2903,2020/12/03 10:32:00,866.5,866.5,864.9,865.0,300.0
2904,2020/12/03 10:33:00,865.0,865.0,858.0,858.0,237.0
2905,2020/12/03 10:34:00,860.0,864.95,855.05,855.05,94.0
2906,2020/12/03 10:35:00,858.0,858.0,855.0,855.0,161.0
2907,2020/12/03 10:36:00,854.95,855.0,850.15,855.0,274.0
2908,2020/12/03 10:37:00,854.95,854.95,846.6,846.6,67.0
2909,2020/12/03 10:38:00,846.6,849.0,846.2,846.2,27.0
2910,2020/12/03 10:39:00,846.0,846.0,845.0,845.0,50.0
2911,2020/12/03 10:40:00,845.0,848.4,845.0,845.0,98.0
2912,2020/12/03 10:41:00,848.35,848.45,845.0,848.0,70.0
2913,2020/12/03 10:42:00,848.4,848.45,848.4,848.45,3.0
2914,2020/12/03 10:44:00,848.0,848.0,848.0,848.0,42.0
2915,2020/12/03 10:45:00,842.9,848.0,842.9,848.0,55.0
2916,2020/12/03 10:46:00,842.9,842.9,842.85,842.85,9.0
2917,2020/12/03 10:47:00,848.0,848.0,848.0,848.0,10.0
2918,2020/12/03 10:49:00,842.9,842.9,842.9,842.9,30.0
2919,2020/12/03 10:51:00,850.0,850.0,850.0,850.0,100.0
2920,2020/12/03 10:52:00,842.9,850.0,842.9,850.0,200.0
2921,2020/12/03 10:53:00,842.9,842.9,842.9,842.9,100.0
2922,2020/12/03 10:55:00,846.95,846.95,846.95,846.95,1.0
2923,2020/12/03 10:56:00,846.0,846.0,846.0,846.0,1.0
2924,2020/12/03 10:57:00,846.0,846.0,846.0,846.0,1.0
2925,2020/12/03 10:58:00,846.0,846.0,846.0,846.0,2.0
2926,2020/12/03 10:59:00,842.9,842.9,842.9,842.9,130.0
2927,2020/12/03 11:00:00,850.0,850.0,850.0,850.0,120.0
2928,2020/12/03 11:01:00,843.05,843.05,843.05,843.05,8.0
2929,2020/12/03 11:02:00,843.0,843.0,843.0,843.0,13.0
2930,2020/12/03 11:03:00,843.0,843.0,843.0,843.0,32.0
2931,2020/12/03 11:05:00,842.85,842.85,842.85,842.85,4.0
2932,2020/12/03 11:06:00,840.6,840.6,840.6,840.6,25.0
2933,2020/12/03 11:07:00,842.95,842.95,840.45,840.45,151.0
2934,2020/12/03 11:08:00,843.0,843.0,843.0,843.0,10.0
2935,2020/12/03 11:10:00,842.95,842.95,842.95,842.95,1.0
2936,2020/12/03 11:13:00,842.95,842.95,840.45,840.45,105.0
2937,2020/12/03 11:14:00,842.95,842.95,842.95,842.95,10.0
2938,2020/12/03 11:15:00,840.5,840.5,840.5,840.5,5.0
2939,2020/12/03 11:17:00,840.5,840.5,840.5,840.5,5.0
2940,2020/12/03 11:18:00,842.95,842.95,842.95,842.95,10.0
2941,2020/12/03 11:19:00,842.95,843.0,842.95,843.0,50.0
2942,2020/12/03 11:21:00,843.0,843.0,843.0,843.0,100.0
2943,2020/12/03 11:23:00,843.0,843.0,843.0,843.0,127.0
2944,2020/12/03 11:24:00,846.0,847.0,846.0,847.0,60.0
2945,2020/12/03 11:29:00,848.0,848.0,848.0,848.0,41.0
2946,2020/12/03 11:30:00,840.05,840.05,840.0,840.0,428.0
2947,2020/12/03 11:31:00,840.0,840.0,840.0,840.0,100.0
2948,2020/12/03 11:33:00,838.5,840.35,838.5,840.35,112.0
2949,2020/12/03 11:35:00,840.35,840.35,840.35,840.35,10.0
2950,2020/12/03 11:36:00,838.65,840.0,838.65,840.0,133.0
2951,2020/12/03 11:37:00,838.6,838.6,838.6,838.6,3.0
2952,2020/12/03 11:42:00,838.6,838.6,838.6,838.6,10.0
2953,2020/12/03 11:44:00,838.95,838.95,838.95,838.95,22.0
2954,2020/12/03 11:45:00,838.0,838.0,838.0,838.0,20.0
2955,2020/12/03 11:47:00,836.0,836.0,836.0,836.0,4.0
2956,2020/12/03 11:48:00,836.95,836.95,836.95,836.95,21.0
2957,2020/12/03 11:49:00,835.0,835.0,835.0,835.0,31.0
2958,2020/12/03 11:52:00,835.0,835.0,835.0,835.0,40.0
2959,2020/12/03 11:53:00,837.95,837.95,837.95,837.95,1.0
2960,2020/12/03 11:54:00,837.95,837.95,837.95,837.95,4.0
2961,2020/12/03 11:56:00,840.0,841.0,840.0,840.0,496.0
2962,2020/12/03 11:58:00,835.15,836.05,835.15,836.05,24.0
2963,2020/12/03 12:09:00,840.0,840.0,840.0,840.0,10.0
2964,2020/12/03 12:11:00,840.0,840.0,840.0,840.0,50.0
2965,2020/12/03 12:16:00,840.0,840.0,840.0,840.0,6.0
2966,2020/12/03 12:21:00,840.0,840.0,840.0,840.0,10.0
2967,2020/12/03 12:22:00,840.0,840.0,840.0,840.0,21.0
2968,2020/12/03 12:23:00,840.0,840.0,840.0,840.0,30.0
2969,2020/12/03 12:24:00,840.0,840.0,840.0,840.0,1.0
2970,2020/12/03 12:26:00,840.0,840.0,840.0,840.0,27.0
2971,2020/12/03 12:29:00,840.0,840.0,840.0,840.0,16.0
2972,2020/12/03 12:36:00,840.0,840.0,840.0,840.0,1.0
2973,2020/12/03 12:37:00,840.0,840.0,840.0,840.0,5.0
2974,2020/12/03 12:41:00,835.05,835.05,835.0,835.0,232.0
2975,2020/12/03 12:45:00,836.05,836.05,836.05,836.05,3.0
2976,2020/12/03 12:46:00,836.05,836.05,836.05,836.05,29.0
2977,2020/12/03 12:48:00,836.05,836.05,836.05,836.05,7.0
2978,2020/12/03 12:49:00,839.0,839.0,839.0,839.0,40.0
2979,2020/12/03 12:50:00,839.95,839.95,839.95,839.95,5.0
2980,2020/12/03 12:57:00,839.95,839.95,839.95,839.95,1.0
2981,2020/12/03 13:05:00,839.65,839.65,839.65,839.65,1.0
2982,2020/12/03 13:06:00,839.65,839.65,839.65,839.65,5.0
2983,2020/12/03 13:09:00,837.95,837.95,837.95,837.95,3.0
2984,2020/12/03 13:10:00,837.95,837.95,837.95,837.95,1.0
2985,2020/12/03 13:11:00,837.95,837.95,837.95,837.95,5.0
2986,2020/12/03 13:14:00,837.0,837.0,837.0,837.0,62.0
2987,2020/12/03 13:17:00,836.3,836.3,836.3,836.3,10.0
2988,2020/12/03 13:19:00,836.7,836.7,836.7,836.7,15.0
2989,2020/12/03 13:24:00,836.3,836.95,836.3,836.95,30.0
2990,2020/12/03 13:25:00,836.05,836.05,836.0,836.0,191.0
2991,2020/12/03 13:29:00,834.0,834.7,834.0,834.7,25.0
2992,2020/12/03 13:30:00,834.05,834.05,834.05,834.05,5.0
2993,2020/12/03 13:32:00,834.0,834.0,834.0,834.0,24.0
2994,2020/12/03 13:33:00,833.95,833.95,833.95,833.95,2.0
2995,2020/12/03 13:37:00,833.0,833.0,831.0,831.0,10.0
2996,2020/12/03 13:42:00,831.0,831.0,831.0,831.0,20.0
2997,2020/12/03 13:43:00,831.5,831.5,831.5,831.5,24.0
2998,2020/12/03 13:45:00,834.7,834.7,834.7,834.7,5.0
2999,2020/12/03 13:48:00,834.55,834.55,834.55,834.55,22.0
3000,2020/12/03 13:49:00,834.55,834.55,834.55,834.55,2.0
3001,2020/12/03 13:50:00,834.55,834.55,834.55,834.55,40.0
3002,2020/12/03 13:51:00,834.55,834.6,834.55,834.6,12.0
3003,2020/12/03 13:53:00,831.5,831.5,831.5,831.5,50.0
3004,2020/12/03 13:55:00,831.35,831.35,831.35,831.35,10.0
3005,2020/12/03 13:57:00,832.8,832.8,832.8,832.8,20.0
3006,2020/12/03 14:01:00,831.2,831.2,831.2,831.2,116.0
3007,2020/12/03 14:03:00,832.95,832.95,832.95,832.95,10.0
3008,2020/12/03 14:06:00,832.95,832.95,832.95,832.95,5.0
3009,2020/12/03 14:12:00,825.1,825.1,825.1,825.1,185.0
3010,2020/12/03 14:14:00,832.95,832.95,832.95,832.95,2.0
3011,2020/12/03 14:15:00,832.95,832.95,832.95,832.95,1.0
3012,2020/12/03 14:16:00,832.85,832.85,832.85,832.85,30.0
3013,2020/12/03 14:19:00,832.85,832.85,832.85,832.85,15.0
3014,2020/12/03 14:22:00,826.55,826.55,826.55,826.55,10.0
3015,2020/12/03 14:24:00,826.65,826.65,826.65,826.65,5.0
3016,2020/12/03 14:26:00,833.0,833.0,833.0,833.0,50.0
3017,2020/12/03 14:29:00,839.95,839.95,839.95,839.95,132.0
3018,2020/12/03 14:30:00,835.0,835.0,835.0,835.0,50.0
3019,2020/12/03 14:36:00,839.65,839.65,839.65,839.65,25.0
3020,2020/12/03 14:38:00,840.0,840.0,840.0,840.0,54.0
3021,2020/12/03 14:45:00,833.25,839.9,833.25,839.9,12.0
3022,2020/12/03 14:47:00,833.35,833.4,833.35,833.4,25.0
3023,2020/12/03 14:50:00,839.45,839.45,837.0,837.0,23.0
3024,2020/12/03 14:51:00,840.0,840.0,840.0,840.0,25.0
3025,2020/12/03 14:56:00,833.5,833.5,833.5,833.5,100.0
3026,2020/12/03 14:57:00,839.65,839.65,832.3,832.3,76.0
3027,2020/12/03 15:00:00,832.4,832.4,832.4,832.4,15.0
3028,2020/12/03 15:02:00,838.65,838.65,838.5,838.5,3.0
3029,2020/12/03 15:03:00,832.55,832.55,832.55,832.55,1.0
3030,2020/12/03 15:05:00,832.4,837.95,832.4,837.95,13.0
3031,2020/12/03 15:08:00,837.95,837.95,837.95,837.95,1.0
3032,2020/12/03 15:10:00,832.0,832.0,829.95,829.95,446.0
3033,2020/12/03 15:11:00,829.95,829.95,829.95,829.95,10.0
3034,2020/12/03 15:12:00,829.7,830.0,829.7,829.7,302.0
3035,2020/12/03 15:13:00,829.7,829.7,826.0,826.0,117.0
3036,2020/12/03 15:14:00,826.0,826.0,825.6,825.85,75.0
3037,2020/12/03 15:15:00,826.45,828.5,826.45,828.5,69.0
3038,2020/12/03 15:16:00,829.0,830.0,829.0,830.0,166.0
3039,2020/12/03 15:17:00,830.0,830.0,830.0,830.0,301.0
3040,2020/12/03 15:18:00,826.15,826.15,826.15,826.15,10.0
3041,2020/12/03 15:19:00,826.3,826.3,826.3,826.3,5.0
3042,2020/12/03 15:21:00,826.3,829.95,826.3,829.95,15.0
3043,2020/12/03 15:22:00,830.0,830.0,829.95,829.95,13.0
3044,2020/12/03 15:24:00,830.0,830.0,826.75,830.0,275.0
3045,2020/12/03 15:25:00,830.0,830.0,830.0,830.0,56.0
3046,2020/12/03 15:26:00,830.0,830.0,830.0,830.0,71.0
3047,2020/12/03 15:27:00,827.05,827.05,827.05,827.05,2.0
3048,2020/12/03 15:28:00,830.0,830.0,827.0,830.0,168.0
3049,2020/12/03 15:29:00,829.0,829.0,829.0,829.0,64.0
3050,2020/12/04 09:07:00,850.0,850.0,850.0,850.0,52.0
3051,2020/12/04 09:15:00,850.0,850.0,850.0,850.0,0.0
3052,2020/12/04 09:16:00,849.75,849.75,849.75,849.75,1.0
3053,2020/12/04 09:17:00,849.75,849.75,849.75,849.75,5.0
3054,2020/12/04 09:18:00,831.05,831.05,831.05,831.05,25.0
3055,2020/12/04 09:19:00,829.75,829.75,829.75,829.75,1.0
3056,2020/12/04 09:20:00,836.05,836.05,836.05,836.05,14.0
3057,2020/12/04 09:21:00,839.95,839.95,839.95,839.95,10.0
3058,2020/12/04 09:23:00,842.45,842.45,842.45,842.45,10.0
3059,2020/12/04 09:27:00,842.4,842.4,842.4,842.4,1.0
3060,2020/12/04 09:29:00,842.0,842.0,842.0,842.0,50.0
3061,2020/12/04 09:30:00,842.0,842.0,795.3,838.1,924.0
3062,2020/12/04 09:31:00,839.6,839.6,820.6,820.6,44.0
3063,2020/12/04 09:32:00,813.55,813.65,809.85,809.85,15.0
3064,2020/12/04 09:33:00,811.35,824.75,809.85,824.75,36.0
3065,2020/12/04 09:34:00,824.7,829.9,809.05,809.05,22.0
3066,2020/12/04 09:35:00,816.0,816.0,816.0,816.0,12.0
3067,2020/12/04 09:36:00,816.0,816.0,816.0,816.0,10.0
3068,2020/12/04 09:38:00,825.95,825.95,819.0,819.0,6.0
3069,2020/12/04 09:39:00,821.95,825.95,821.95,822.05,9.0
3070,2020/12/04 09:41:00,824.95,825.9,820.05,825.9,16.0
3071,2020/12/04 09:42:00,820.05,820.05,820.0,820.0,35.0
3072,2020/12/04 09:43:00,816.7,816.7,816.7,816.7,10.0
3073,2020/12/04 09:44:00,829.95,829.95,829.95,829.95,10.0
3074,2020/12/04 09:45:00,829.9,829.9,829.9,829.9,1.0
3075,2020/12/04 09:46:00,820.0,820.0,820.0,820.0,11.0
3076,2020/12/04 09:47:00,821.55,829.85,819.5,820.1,33.0
3077,2020/12/04 09:48:00,829.8,829.8,819.0,819.0,126.0
3078,2020/12/04 09:49:00,827.8,827.8,827.8,827.8,6.0
3079,2020/12/04 09:50:00,820.05,820.05,820.05,820.05,1.0
3080,2020/12/04 09:51:00,820.05,820.05,820.05,820.05,14.0
3081,2020/12/04 09:52:00,826.95,826.95,826.95,826.95,20.0
3082,2020/12/04 09:54:00,816.0,816.0,816.0,816.0,50.0
3083,2020/12/04 09:55:00,826.85,826.95,820.05,820.05,55.0
3084,2020/12/04 09:56:00,820.05,824.95,818.95,824.95,72.0
3085,2020/12/04 09:58:00,816.05,816.05,816.05,816.05,1.0
3086,2020/12/04 09:59:00,816.0,820.0,816.0,820.0,66.0
3087,2020/12/04 10:01:00,816.0,816.0,810.0,810.0,67.0
3088,2020/12/04 10:04:00,819.9,819.9,819.9,819.9,50.0
3089,2020/12/04 10:05:00,811.0,811.0,811.0,811.0,49.0
3090,2020/12/04 10:06:00,811.0,811.0,811.0,811.0,15.0
3091,2020/12/04 10:11:00,818.85,818.85,818.85,818.85,5.0
3092,2020/12/04 10:12:00,818.85,818.85,818.85,818.85,5.0
3093,2020/12/04 10:13:00,811.05,819.4,811.05,819.4,30.0
3094,2020/12/04 10:14:00,819.95,819.95,819.95,819.95,5.0
3095,2020/12/04 10:15:00,819.9,819.9,819.9,819.9,5.0
3096,2020/12/04 10:17:00,819.9,819.9,819.9,819.9,1.0
3097,2020/12/04 10:20:00,811.3,811.3,811.3,811.3,10.0
3098,2020/12/04 10:22:00,818.95,818.95,818.95,818.95,5.0
3099,2020/12/04 10:25:00,817.9,817.9,817.9,817.9,3.0
3100,2020/12/04 10:27:00,817.9,818.0,817.85,818.0,219.0
3101,2020/12/04 10:29:00,817.95,817.95,817.95,817.95,10.0
3102,2020/12/04 10:30:00,818.0,818.0,818.0,818.0,30.0
3103,2020/12/04 10:31:00,816.0,816.0,816.0,816.0,7.0
3104,2020/12/04 10:33:00,811.3,811.3,811.3,811.3,27.0
3105,2020/12/04 10:34:00,816.0,816.0,816.0,816.0,1.0
3106,2020/12/04 10:35:00,816.0,817.4,811.3,817.4,27.0
3107,2020/12/04 10:36:00,817.35,817.35,817.35,817.35,1.0
3108,2020/12/04 10:47:00,817.35,817.35,817.35,817.35,3.0
3109,2020/12/04 10:51:00,817.4,817.4,817.4,817.4,15.0
3110,2020/12/04 10:53:00,818.9,818.9,818.9,818.9,289.0
3111,2020/12/04 10:54:00,823.0,823.0,823.0,823.0,60.0
3112,2020/12/04 10:58:00,822.05,822.05,822.05,822.05,10.0
3113,2020/12/04 10:59:00,824.95,829.05,824.95,829.05,32.0
3114,2020/12/04 11:00:00,827.0,829.05,825.95,825.95,24.0
3115,2020/12/04 11:03:00,830.05,830.05,825.95,830.05,9.0
3116,2020/12/04 11:04:00,830.05,830.05,824.95,829.05,13.0
3117,2020/12/04 11:05:00,825.95,829.0,824.95,828.0,13.0
3118,2020/12/04 11:06:00,828.05,828.05,822.0,822.0,5.0
3119,2020/12/04 11:07:00,824.95,828.05,824.95,825.0,12.0
3120,2020/12/04 11:20:00,825.0,830.95,825.0,830.95,54.0
3121,2020/12/04 11:21:00,826.0,826.0,825.0,825.0,57.0
3122,2020/12/04 11:23:00,831.8,831.8,831.8,831.8,5.0
3123,2020/12/04 11:36:00,825.0,825.0,825.0,825.0,8.0
3124,2020/12/04 11:39:00,825.0,825.0,825.0,825.0,2.0
3125,2020/12/04 11:43:00,817.2,817.2,817.2,817.2,100.0
3126,2020/12/04 11:44:00,830.65,830.65,830.65,830.65,10.0
3127,2020/12/04 11:49:00,830.0,830.0,830.0,830.0,15.0
3128,2020/12/04 11:50:00,829.95,829.95,829.95,829.95,3.0
3129,2020/12/04 12:16:00,826.0,826.0,826.0,826.0,20.0
3130,2020/12/04 12:17:00,815.0,815.0,815.0,815.0,99.0
3131,2020/12/04 12:20:00,815.65,815.65,815.65,815.65,2.0
3132,2020/12/04 12:22:00,812.05,814.95,812.0,812.0,151.0
3133,2020/12/04 12:25:00,821.95,821.95,821.95,821.95,1.0
3134,2020/12/04 12:26:00,812.55,812.55,812.55,812.55,44.0
3135,2020/12/04 12:27:00,812.0,812.55,812.0,812.55,20.0
3136,2020/12/04 12:31:00,819.25,820.0,819.25,820.0,58.0
3137,2020/12/04 12:37:00,821.9,821.9,821.9,821.9,1.0
3138,2020/12/04 12:45:00,821.4,821.4,821.4,821.4,20.0
3139,2020/12/04 12:48:00,812.9,812.9,812.9,812.9,48.0
3140,2020/12/04 12:52:00,812.95,821.15,812.95,821.15,15.0
3141,2020/12/04 12:59:00,814.95,814.95,814.95,814.95,11.0
3142,2020/12/04 13:03:00,814.05,814.05,814.05,814.05,2.0
3143,2020/12/04 13:04:00,814.0,814.0,811.15,811.15,41.0
3144,2020/12/04 13:06:00,817.45,817.45,810.0,810.0,30.0
3145,2020/12/04 13:08:00,801.0,801.0,800.4,800.4,522.0
3146,2020/12/04 13:10:00,805.0,805.0,805.0,805.0,1.0
3147,2020/12/04 13:11:00,807.45,807.9,807.45,807.9,16.0
3148,2020/12/04 13:12:00,808.0,808.0,808.0,808.0,6.0
3149,2020/12/04 13:16:00,809.0,810.9,809.0,810.9,12.0
3150,2020/12/04 13:17:00,810.0,810.0,810.0,810.0,15.0
3151,2020/12/04 13:18:00,810.0,810.0,809.0,809.0,31.0
3152,2020/12/04 13:24:00,809.0,809.0,809.0,809.0,5.0
3153,2020/12/04 13:28:00,809.0,809.4,809.0,809.4,8.0
3154,2020/12/04 13:30:00,809.45,809.95,809.45,809.95,30.0
3155,2020/12/04 13:31:00,809.95,810.0,808.05,810.0,41.0
3156,2020/12/04 13:32:00,810.0,810.0,810.0,810.0,39.0
3157,2020/12/04 13:34:00,809.95,809.95,808.05,808.05,11.0
3158,2020/12/04 13:35:00,809.95,809.95,809.95,809.95,5.0
3159,2020/12/04 13:37:00,809.95,809.95,809.95,809.95,1.0
3160,2020/12/04 13:38:00,809.95,809.95,809.95,809.95,1.0
3161,2020/12/04 13:39:00,809.95,809.95,809.95,809.95,1.0
3162,2020/12/04 13:40:00,809.95,810.0,809.95,810.0,12.0
3163,2020/12/04 13:41:00,808.05,808.05,808.05,808.05,32.0
3164,2020/12/04 13:43:00,810.0,810.0,810.0,810.0,20.0
3165,2020/12/04 13:44:00,810.0,810.0,808.1,808.1,30.0
3166,2020/12/04 13:47:00,810.0,810.0,810.0,810.0,20.0
3167,2020/12/04 13:51:00,810.0,810.0,810.0,810.0,25.0
3168,2020/12/04 13:52:00,810.0,810.0,810.0,810.0,20.0
3169,2020/12/04 13:54:00,810.0,810.0,810.0,810.0,1.0
3170,2020/12/04 13:55:00,810.0,810.0,810.0,810.0,34.0
3171,2020/12/04 13:56:00,810.0,810.0,810.0,810.0,64.0
3172,2020/12/04 13:59:00,810.0,810.0,810.0,810.0,48.0
3173,2020/12/04 14:00:00,810.0,810.0,810.0,810.0,1.0
3174,2020/12/04 14:01:00,810.0,810.0,808.0,808.0,17.0
3175,2020/12/04 14:02:00,805.4,805.4,805.4,805.4,5.0
3176,2020/12/04 14:05:00,809.95,809.95,809.95,809.95,1.0
3177,2020/12/04 14:09:00,805.45,805.45,805.45,805.45,1.0
3178,2020/12/04 14:12:00,810.0,810.0,810.0,810.0,55.0
3179,2020/12/04 14:13:00,810.0,810.0,810.0,810.0,9.0
3180,2020/12/04 14:18:00,810.0,810.0,810.0,810.0,5.0
3181,2020/12/04 14:19:00,805.0,805.0,805.0,805.0,130.0
3182,2020/12/04 14:20:00,809.95,809.95,809.95,809.95,10.0
3183,2020/12/04 14:25:00,809.0,809.0,808.05,808.05,9.0
3184,2020/12/04 14:26:00,806.45,809.9,806.45,809.9,59.0
3185,2020/12/04 14:33:00,812.0,812.0,809.9,809.9,13.0
3186,2020/12/04 14:35:00,805.15,805.15,805.15,805.15,22.0
3187,2020/12/04 14:36:00,812.8,812.95,812.8,812.95,150.0
3188,2020/12/04 14:37:00,810.0,810.0,810.0,810.0,18.0
3189,2020/12/04 14:38:00,805.0,812.6,805.0,812.6,221.0
3190,2020/12/04 14:39:00,812.55,812.55,812.55,812.55,50.0
3191,2020/12/04 14:40:00,812.55,812.55,805.05,805.05,211.0
3192,2020/12/04 14:41:00,805.0,811.1,805.0,811.1,211.0
3193,2020/12/04 14:44:00,807.05,807.05,807.05,807.05,4.0
3194,2020/12/04 14:46:00,807.0,807.0,807.0,807.0,6.0
3195,2020/12/04 14:47:00,805.0,810.0,804.7,809.95,58.0
3196,2020/12/04 14:48:00,810.0,810.0,810.0,810.0,20.0
3197,2020/12/04 14:50:00,806.0,806.0,806.0,806.0,31.0
3198,2020/12/04 14:51:00,806.0,806.0,806.0,806.0,18.0
3199,2020/12/04 14:52:00,805.95,805.95,805.95,805.95,18.0
3200,2020/12/04 14:53:00,806.0,806.0,806.0,806.0,175.0
3201,2020/12/04 14:56:00,805.5,805.95,803.65,803.65,248.0
3202,2020/12/04 14:57:00,809.85,809.85,809.85,809.85,25.0
3203,2020/12/04 14:58:00,809.8,809.8,809.8,809.8,2.0
3204,2020/12/04 15:06:00,806.0,806.0,806.0,806.0,28.0
3205,2020/12/04 15:07:00,809.0,810.0,806.05,810.0,667.0
3206,2020/12/04 15:08:00,810.0,810.0,810.0,810.0,11.0
3207,2020/12/04 15:09:00,809.95,809.95,809.95,809.95,3.0
3208,2020/12/04 15:10:00,809.5,809.5,809.5,809.5,1.0
3209,2020/12/04 15:11:00,809.95,809.95,806.5,806.5,99.0
3210,2020/12/04 15:12:00,806.0,809.9,806.0,809.9,25.0
3211,2020/12/04 15:14:00,807.0,807.0,807.0,807.0,102.0
3212,2020/12/04 15:16:00,807.0,809.9,806.0,806.0,164.0
3213,2020/12/04 15:18:00,806.0,809.95,805.0,809.95,225.0
3214,2020/12/04 15:20:00,804.45,807.9,804.45,804.9,92.0
3215,2020/12/04 15:21:00,804.8,809.75,804.8,804.9,33.0
3216,2020/12/04 15:22:00,806.95,806.95,806.95,806.95,10.0
3217,2020/12/04 15:23:00,806.95,809.95,806.95,808.0,45.0
3218,2020/12/04 15:24:00,809.0,809.0,804.95,809.0,297.0
3219,2020/12/04 15:26:00,804.95,807.0,804.85,804.85,186.0
3220,2020/12/04 15:27:00,803.95,806.95,802.0,802.0,218.0
3221,2020/12/04 15:28:00,801.1,804.95,800.0,804.95,424.0
3222,2020/12/04 15:29:00,804.9,804.9,800.0,800.0,54.0
3223,2020/12/07 09:18:00,806.05,806.05,806.0,806.0,20.0
3224,2020/12/07 09:19:00,800.05,800.05,800.0,800.05,14.0
3225,2020/12/07 09:21:00,805.95,805.95,805.9,805.9,10.0
3226,2020/12/07 09:23:00,805.9,805.9,805.9,805.9,7.0
3227,2020/12/07 09:24:00,805.9,805.9,805.9,805.9,10.0
3228,2020/12/07 09:25:00,807.0,807.0,807.0,807.0,150.0
3229,2020/12/07 09:26:00,818.95,818.95,818.95,818.95,20.0
3230,2020/12/07 09:27:00,805.95,805.95,805.95,805.95,7.0
3231,2020/12/07 09:29:00,818.8,818.8,818.8,818.8,1.0
3232,2020/12/07 09:36:00,810.05,810.05,810.05,810.05,2.0
3233,2020/12/07 09:38:00,808.0,808.0,808.0,808.0,35.0
3234,2020/12/07 09:39:00,808.0,808.0,808.0,808.0,25.0
3235,2020/12/07 09:41:00,807.0,807.0,807.0,807.0,46.0
3236,2020/12/07 09:46:00,810.0,810.0,809.55,809.55,60.0
3237,2020/12/07 09:47:00,810.0,810.0,810.0,810.0,35.0
3238,2020/12/07 09:49:00,814.95,814.95,814.95,814.95,21.0
3239,2020/12/07 09:50:00,815.95,815.95,815.95,815.95,20.0
3240,2020/12/07 09:55:00,817.45,817.45,817.45,817.45,26.0
3241,2020/12/07 09:56:00,810.5,815.45,810.5,815.45,7.0
3242,2020/12/07 10:02:00,816.8,816.8,816.8,816.8,3.0
3243,2020/12/07 10:11:00,817.05,817.05,817.05,817.05,101.0
3244,2020/12/07 10:14:00,817.05,817.05,817.05,817.05,12.0
3245,2020/12/07 10:21:00,812.0,812.0,809.0,809.0,35.0
3246,2020/12/07 10:23:00,816.75,816.75,816.75,816.75,1.0
3247,2020/12/07 10:28:00,815.5,815.5,815.5,815.5,8.0
3248,2020/12/07 10:34:00,816.7,816.7,816.7,816.7,1.0
3249,2020/12/07 10:35:00,817.05,817.05,814.65,814.65,32.0
3250,2020/12/07 10:38:00,817.5,817.5,817.5,817.5,12.0
3251,2020/12/07 10:57:00,812.05,812.05,812.05,812.05,3.0
3252,2020/12/07 11:00:00,812.05,812.05,812.05,812.05,5.0
3253,2020/12/07 11:03:00,817.45,817.45,817.45,817.45,15.0
3254,2020/12/07 11:09:00,818.5,818.5,818.5,818.5,44.0
3255,2020/12/07 11:10:00,818.5,818.5,818.5,818.5,56.0
3256,2020/12/07 11:19:00,812.1,812.1,812.1,812.1,4.0
3257,2020/12/07 11:24:00,808.05,808.05,808.05,808.05,108.0
3258,2020/12/07 11:25:00,806.0,806.6,803.05,803.05,64.0
3259,2020/12/07 11:26:00,810.45,810.45,806.05,806.05,6.0
3260,2020/12/07 11:30:00,810.55,810.55,810.55,810.55,30.0
3261,2020/12/07 11:34:00,806.05,806.05,806.05,806.05,4.0
3262,2020/12/07 11:39:00,806.0,806.0,806.0,806.0,1.0
3263,2020/12/07 11:46:00,805.5,805.5,805.5,805.5,12.0
3264,2020/12/07 11:48:00,810.3,810.3,810.3,810.3,1.0
3265,2020/12/07 11:49:00,810.25,810.25,810.25,810.25,3.0
3266,2020/12/07 11:56:00,810.1,810.1,810.1,810.1,2.0
3267,2020/12/07 12:00:00,810.1,810.1,810.1,810.1,1.0
3268,2020/12/07 12:02:00,807.05,807.05,807.05,807.05,32.0
3269,2020/12/07 12:03:00,810.2,810.2,810.2,810.2,10.0
3270,2020/12/07 12:27:00,811.0,811.0,811.0,811.0,10.0
3271,2020/12/07 12:44:00,814.95,814.95,814.95,814.95,1.0
3272,2020/12/07 12:45:00,814.7,814.7,814.7,814.7,25.0
3273,2020/12/07 12:49:00,812.0,812.0,811.0,811.0,40.0
3274,2020/12/07 12:50:00,814.1,814.1,814.1,814.1,2.0
3275,2020/12/07 12:51:00,814.0,814.0,814.0,814.0,1.0
3276,2020/12/07 12:54:00,814.0,814.0,811.05,811.05,27.0
3277,2020/12/07 12:56:00,814.95,814.95,814.95,814.95,31.0
3278,2020/12/07 12:59:00,810.1,810.1,810.1,810.1,6.0
3279,2020/12/07 13:01:00,805.5,805.5,805.5,805.5,28.0
3280,2020/12/07 13:07:00,800.0,800.0,799.1,800.0,367.0
3281,2020/12/07 13:08:00,800.0,800.0,800.0,800.0,33.0
3282,2020/12/07 13:10:00,798.5,798.5,798.5,798.5,104.0
3283,2020/12/07 13:11:00,798.0,798.0,798.0,798.0,1.0
3284,2020/12/07 13:12:00,798.0,798.55,798.0,798.55,32.0
3285,2020/12/07 13:13:00,798.55,798.55,798.55,798.55,14.0
3286,2020/12/07 13:15:00,799.0,799.0,799.0,799.0,116.0
3287,2020/12/07 13:16:00,799.25,799.25,799.0,799.25,161.0
3288,2020/12/07 13:18:00,799.25,799.25,799.25,799.25,11.0
3289,2020/12/07 13:21:00,799.25,799.25,799.25,799.25,10.0
3290,2020/12/07 13:22:00,799.25,799.25,797.0,797.0,66.0
3291,2020/12/07 13:26:00,791.05,795.55,766.65,794.95,819.0
3292,2020/12/07 13:27:00,794.8,794.8,780.5,785.0,474.0
3293,2020/12/07 13:28:00,783.0,783.0,783.0,783.0,4.0
3294,2020/12/07 13:29:00,772.9,782.45,772.9,782.45,16.0
3295,2020/12/07 13:30:00,782.0,789.95,782.0,782.0,17.0
3296,2020/12/07 13:31:00,790.75,790.75,782.0,790.75,29.0
3297,2020/12/07 13:32:00,789.9,789.9,783.0,783.0,16.0
3298,2020/12/07 13:33:00,790.0,790.0,790.0,790.0,100.0
3299,2020/12/07 13:34:00,780.0,780.0,780.0,780.0,294.0
3300,2020/12/07 13:36:00,787.95,789.9,787.95,789.9,20.0
3301,2020/12/07 13:37:00,781.15,781.15,781.15,781.15,15.0
3302,2020/12/07 13:38:00,784.0,784.0,784.0,784.0,5.0
3303,2020/12/07 13:39:00,785.0,785.0,782.0,782.0,74.0
3304,2020/12/07 13:41:00,784.95,784.95,782.4,782.4,2.0
3305,2020/12/07 13:43:00,784.95,784.95,781.0,781.0,11.0
3306,2020/12/07 13:44:00,780.0,780.6,780.0,780.6,20.0
3307,2020/12/07 13:45:00,784.95,784.95,784.95,784.95,14.0
3308,2020/12/07 13:46:00,784.95,784.95,779.5,784.95,50.0
3309,2020/12/07 13:48:00,784.95,785.0,784.95,785.0,110.0
3310,2020/12/07 13:50:00,785.0,785.0,785.0,785.0,10.0
3311,2020/12/07 13:53:00,785.0,785.0,785.0,785.0,12.0
3312,2020/12/07 13:54:00,785.0,785.0,785.0,785.0,10.0
3313,2020/12/07 13:55:00,786.0,786.0,786.0,786.0,30.0
3314,2020/12/07 13:56:00,786.0,786.0,786.0,786.0,50.0
3315,2020/12/07 13:57:00,786.0,786.0,786.0,786.0,100.0
3316,2020/12/07 14:00:00,788.0,788.0,788.0,788.0,18.0
3317,2020/12/07 14:01:00,788.0,788.0,788.0,788.0,65.0
3318,2020/12/07 14:03:00,788.0,788.0,788.0,788.0,20.0
3319,2020/12/07 14:04:00,788.0,788.0,788.0,788.0,9.0
3320,2020/12/07 14:06:00,787.0,787.0,787.0,787.0,3.0
3321,2020/12/07 14:08:00,787.95,787.95,787.95,787.95,6.0
3322,2020/12/07 14:11:00,787.95,787.95,787.95,787.95,2.0
3323,2020/12/07 14:17:00,785.0,785.0,785.0,785.0,5.0
3324,2020/12/07 14:18:00,785.0,785.0,785.0,785.0,20.0
3325,2020/12/07 14:19:00,785.0,785.0,785.0,785.0,20.0
3326,2020/12/07 14:20:00,784.95,784.95,784.95,784.95,5.0
3327,2020/12/07 14:21:00,781.0,781.0,780.0,780.0,137.0
3328,2020/12/07 14:22:00,780.0,780.0,780.0,780.0,10.0
3329,2020/12/07 14:23:00,784.95,784.95,784.95,784.95,9.0
3330,2020/12/07 14:26:00,783.0,783.0,783.0,783.0,3.0
3331,2020/12/07 14:27:00,780.0,780.0,780.0,780.0,8.0
3332,2020/12/07 14:32:00,784.95,784.95,784.95,784.95,10.0
3333,2020/12/07 14:33:00,784.8,784.8,781.0,781.0,7.0
3334,2020/12/07 14:34:00,785.0,785.0,785.0,785.0,22.0
3335,2020/12/07 14:37:00,785.0,785.0,785.0,785.0,10.0
3336,2020/12/07 14:38:00,785.0,785.0,785.0,785.0,10.0
3337,2020/12/07 14:40:00,782.0,782.0,782.0,782.0,5.0
3338,2020/12/07 14:41:00,785.0,785.0,785.0,785.0,7.0
3339,2020/12/07 14:44:00,785.0,785.0,785.0,785.0,7.0
3340,2020/12/07 14:46:00,785.0,785.0,785.0,785.0,27.0
3341,2020/12/07 14:50:00,784.95,784.95,784.95,784.95,4.0
3342,2020/12/07 14:51:00,784.95,784.95,784.95,784.95,15.0
3343,2020/12/07 14:53:00,784.95,785.0,783.0,785.0,113.0
3344,2020/12/07 14:54:00,785.0,785.0,785.0,785.0,96.0
3345,2020/12/07 14:55:00,785.0,785.0,785.0,785.0,27.0
3346,2020/12/07 14:57:00,785.0,785.0,785.0,785.0,5.0
3347,2020/12/07 14:58:00,785.0,785.0,785.0,785.0,5.0
3348,2020/12/07 14:59:00,785.0,785.0,785.0,785.0,5.0
3349,2020/12/07 15:00:00,785.0,786.0,785.0,786.0,43.0
3350,2020/12/07 15:01:00,786.0,786.0,786.0,786.0,13.0
3351,2020/12/07 15:02:00,785.0,785.0,785.0,785.0,10.0
3352,2020/12/07 15:04:00,785.0,785.0,785.0,785.0,100.0
3353,2020/12/07 15:05:00,785.0,785.0,785.0,785.0,75.0
3354,2020/12/07 15:06:00,785.0,785.0,784.0,784.0,108.0
3355,2020/12/07 15:08:00,785.0,785.0,785.0,785.0,80.0
3356,2020/12/07 15:09:00,785.0,785.0,784.0,784.0,44.0
3357,2020/12/07 15:10:00,783.0,784.0,783.0,784.0,84.0
3358,2020/12/07 15:13:00,783.5,783.5,783.5,783.5,3.0
3359,2020/12/07 15:14:00,783.05,783.05,780.9,780.9,11.0
3360,2020/12/07 15:16:00,784.0,785.0,784.0,785.0,102.0
3361,2020/12/07 15:17:00,785.0,785.0,785.0,785.0,50.0
3362,2020/12/07 15:18:00,784.95,784.95,784.95,784.95,20.0
3363,2020/12/07 15:19:00,783.6,783.6,782.0,782.0,40.0
3364,2020/12/07 15:20:00,783.55,783.55,783.55,783.55,13.0
3365,2020/12/07 15:21:00,783.55,783.55,782.0,782.0,57.0
3366,2020/12/07 15:22:00,783.0,783.55,783.0,783.55,70.0
3367,2020/12/07 15:24:00,783.55,783.55,783.55,783.55,14.0
3368,2020/12/07 15:25:00,783.55,783.55,783.55,783.55,9.0
3369,2020/12/07 15:26:00,782.0,782.0,782.0,782.0,19.0
3370,2020/12/07 15:27:00,782.0,782.0,780.1,780.1,70.0
3371,2020/12/07 15:28:00,785.0,785.0,785.0,785.0,4.0
3372,2020/12/07 15:29:00,780.1,785.0,780.1,785.0,30.0
3373,2020/12/08 09:15:00,784.1,784.1,784.1,784.1,1.0
3374,2020/12/08 09:18:00,764.95,785.05,764.95,780.0,430.0
3375,2020/12/08 09:19:00,777.0,777.0,777.0,777.0,30.0
3376,2020/12/08 09:20:00,772.0,772.0,772.0,772.0,1.0
3377,2020/12/08 09:22:00,787.0,787.0,787.0,787.0,10.0
3378,2020/12/08 09:23:00,786.95,786.95,786.95,786.95,7.0
3379,2020/12/08 09:24:00,786.95,786.95,786.95,786.95,1.0
3380,2020/12/08 09:25:00,776.05,776.05,776.05,776.05,20.0
3381,2020/12/08 09:27:00,786.0,786.0,786.0,786.0,20.0
3382,2020/12/08 09:32:00,785.9,786.0,781.05,781.05,55.0
3383,2020/12/08 09:33:00,787.05,787.05,777.0,777.0,213.0
3384,2020/12/08 09:34:00,780.7,780.7,780.7,780.7,5.0
3385,2020/12/08 09:35:00,790.95,790.95,790.95,790.95,2.0
3386,2020/12/08 09:36:00,785.0,785.05,783.0,783.0,35.0
3387,2020/12/08 09:37:00,783.15,785.0,783.0,785.0,31.0
3388,2020/12/08 09:38:00,785.0,785.0,785.0,785.0,46.0
3389,2020/12/08 09:39:00,785.0,785.0,785.0,785.0,65.0
3390,2020/12/08 09:40:00,785.0,785.0,785.0,785.0,30.0
3391,2020/12/08 09:41:00,785.0,786.0,785.0,786.0,11.0
3392,2020/12/08 09:43:00,781.2,781.2,781.2,781.2,11.0
3393,2020/12/08 09:45:00,784.9,784.9,784.9,784.9,10.0
3394,2020/12/08 09:47:00,784.9,784.9,784.85,784.85,101.0
3395,2020/12/08 09:48:00,784.85,784.85,784.85,784.85,8.0
3396,2020/12/08 09:50:00,784.8,784.8,784.8,784.8,100.0
3397,2020/12/08 09:52:00,781.2,781.2,781.2,781.2,2.0
3398,2020/12/08 09:53:00,784.2,784.2,784.2,784.2,1.0
3399,2020/12/08 09:54:00,784.2,784.2,784.2,784.2,10.0
3400,2020/12/08 09:57:00,784.0,784.0,784.0,784.0,19.0
3401,2020/12/08 09:59:00,781.25,781.25,781.25,781.25,2.0
3402,2020/12/08 10:04:00,782.95,783.9,782.95,783.9,4.0
3403,2020/12/08 10:05:00,783.9,783.9,781.25,781.25,40.0
3404,2020/12/08 10:06:00,783.9,783.9,783.9,783.9,82.0
3405,2020/12/08 10:08:00,783.9,783.9,783.9,783.9,26.0
3406,2020/12/08 10:09:00,783.9,783.9,783.9,783.9,4.0
3407,2020/12/08 10:13:00,783.0,783.0,783.0,783.0,17.0
3408,2020/12/08 10:17:00,783.0,783.0,781.25,781.25,26.0
3409,2020/12/08 10:19:00,781.3,781.3,781.3,781.3,1.0
3410,2020/12/08 10:26:00,781.3,781.3,781.3,781.3,5.0
3411,2020/12/08 10:30:00,783.0,783.0,783.0,783.0,5.0
3412,2020/12/08 10:32:00,783.0,783.0,783.0,783.0,6.0
3413,2020/12/08 10:33:00,781.0,781.0,781.0,781.0,63.0
3414,2020/12/08 10:34:00,780.0,780.0,780.0,780.0,45.0
3415,2020/12/08 10:35:00,776.05,776.05,776.05,776.05,50.0
3416,2020/12/08 10:39:00,780.0,780.0,780.0,780.0,30.0
3417,2020/12/08 10:41:00,780.0,780.0,780.0,780.0,20.0
3418,2020/12/08 10:43:00,780.25,780.25,780.0,780.0,78.0
3419,2020/12/08 10:44:00,776.25,776.25,776.25,776.25,21.0
3420,2020/12/08 10:49:00,776.25,776.25,776.25,776.25,2.0
3421,2020/12/08 10:51:00,783.85,783.85,783.85,783.85,1.0
3422,2020/12/08 11:03:00,780.0,780.0,780.0,780.0,16.0
3423,2020/12/08 11:05:00,780.0,780.0,780.0,780.0,10.0
3424,2020/12/08 11:20:00,780.0,780.0,780.0,780.0,7.0
3425,2020/12/08 11:33:00,776.25,776.25,776.05,776.05,33.0
3426,2020/12/08 11:35:00,776.05,776.05,776.05,776.05,1.0
3427,2020/12/08 11:37:00,776.05,776.05,776.05,776.05,10.0
3428,2020/12/08 11:39:00,776.0,776.0,775.0,775.0,25.0
3429,2020/12/08 11:40:00,779.9,779.9,779.9,779.9,1.0
3430,2020/12/08 11:41:00,775.05,775.05,775.05,775.05,1.0
3431,2020/12/08 11:42:00,778.0,779.8,778.0,779.8,37.0
3432,2020/12/08 11:45:00,779.8,779.8,779.8,779.8,2.0
3433,2020/12/08 11:47:00,779.0,779.0,779.0,779.0,50.0
3434,2020/12/08 11:51:00,779.8,779.8,779.8,779.8,5.0
3435,2020/12/08 11:55:00,779.0,779.0,779.0,779.0,20.0
3436,2020/12/08 11:56:00,779.0,779.0,779.0,779.0,4.0
3437,2020/12/08 12:16:00,779.0,779.0,779.0,779.0,2.0
3438,2020/12/08 12:18:00,779.0,779.0,779.0,779.0,5.0
3439,2020/12/08 12:19:00,778.0,778.0,778.0,778.0,1.0
3440,2020/12/08 12:21:00,779.0,779.0,779.0,779.0,10.0
3441,2020/12/08 12:30:00,779.0,779.0,779.0,779.0,1.0
3442,2020/12/08 12:33:00,774.0,774.0,774.0,774.0,50.0
3443,2020/12/08 12:34:00,774.0,774.0,774.0,774.0,15.0
3444,2020/12/08 12:36:00,778.9,778.9,778.9,778.9,1.0
3445,2020/12/08 12:39:00,771.05,771.05,771.05,771.05,5.0
3446,2020/12/08 12:40:00,778.7,778.9,778.7,778.9,30.0
3447,2020/12/08 12:41:00,778.9,778.9,778.9,778.9,20.0
3448,2020/12/08 12:44:00,774.5,774.5,774.5,774.5,12.0
3449,2020/12/08 12:45:00,773.85,773.85,773.85,773.85,13.0
3450,2020/12/08 12:49:00,778.9,778.9,778.9,778.9,5.0
3451,2020/12/08 12:52:00,772.0,772.0,772.0,772.0,74.0
3452,2020/12/08 12:53:00,778.95,778.95,778.95,778.95,5.0
3453,2020/12/08 13:21:00,778.35,778.35,778.35,778.35,1.0
3454,2020/12/08 13:25:00,775.05,775.05,775.05,775.05,10.0
3455,2020/12/08 13:28:00,778.3,778.3,778.3,778.3,1.0
3456,2020/12/08 13:29:00,780.0,780.0,775.0,775.0,150.0
3457,2020/12/08 13:31:00,775.0,775.0,772.0,772.0,169.0
3458,2020/12/08 13:33:00,770.0,770.0,770.0,770.0,81.0
3459,2020/12/08 13:34:00,778.1,778.1,778.1,778.1,5.0
3460,2020/12/08 13:36:00,779.25,779.25,779.25,779.25,3.0
3461,2020/12/08 13:39:00,772.0,772.0,772.0,772.0,10.0
3462,2020/12/08 13:40:00,772.0,772.0,772.0,772.0,5.0
3463,2020/12/08 13:44:00,772.0,772.0,772.0,772.0,15.0
3464,2020/12/08 13:47:00,779.75,779.75,779.75,779.75,2.0
3465,2020/12/08 13:48:00,779.7,779.7,779.7,779.7,12.0
3466,2020/12/08 13:50:00,773.45,773.45,773.45,773.45,3.0
3467,2020/12/08 13:52:00,773.95,773.95,773.95,773.95,3.0
3468,2020/12/08 13:55:00,775.05,775.05,775.05,775.05,10.0
3469,2020/12/08 14:02:00,779.75,779.75,779.75,779.75,1.0
3470,2020/12/08 14:04:00,775.0,775.0,775.0,775.0,50.0
3471,2020/12/08 14:13:00,775.0,775.0,774.5,774.5,77.0
3472,2020/12/08 14:17:00,774.5,774.5,774.5,774.5,47.0
3473,2020/12/08 14:26:00,771.05,771.05,771.05,771.05,20.0
3474,2020/12/08 14:27:00,778.6,778.6,778.6,778.6,10.0
3475,2020/12/08 14:38:00,783.9,783.9,783.9,783.9,100.0
3476,2020/12/08 14:39:00,771.7,771.7,771.7,771.7,25.0
3477,2020/12/08 14:41:00,780.4,780.4,780.4,780.4,1.0
3478,2020/12/08 14:43:00,780.4,780.4,780.4,780.4,1.0
3479,2020/12/08 14:48:00,771.0,771.0,771.0,771.0,65.0
3480,2020/12/08 14:54:00,774.05,774.05,774.05,774.05,1.0
3481,2020/12/08 14:55:00,778.55,778.55,774.0,774.0,30.0
3482,2020/12/08 14:58:00,774.05,781.0,774.05,781.0,136.0
3483,2020/12/08 15:01:00,772.7,772.7,772.7,772.7,25.0
3484,2020/12/08 15:03:00,778.75,778.75,778.75,778.75,5.0
3485,2020/12/08 15:04:00,772.7,772.7,772.7,772.7,25.0
3486,2020/12/08 15:08:00,778.45,778.45,778.45,778.45,50.0
3487,2020/12/08 15:10:00,773.55,773.55,773.55,773.55,2.0
3488,2020/12/08 15:11:00,776.05,778.25,776.05,778.25,15.0
3489,2020/12/08 15:12:00,778.3,778.3,778.3,778.3,20.0
3490,2020/12/08 15:13:00,776.05,777.0,776.05,777.0,12.0
3491,2020/12/08 15:15:00,778.2,778.2,775.05,775.05,20.0
3492,2020/12/08 15:17:00,771.0,771.0,771.0,771.0,50.0
3493,2020/12/08 15:21:00,772.3,772.3,772.3,772.3,30.0
3494,2020/12/08 15:25:00,770.95,770.95,770.95,770.95,298.0
3495,2020/12/08 15:27:00,770.4,770.4,770.4,770.4,2.0
3496,2020/12/08 15:29:00,770.4,770.4,770.4,770.4,1.0
3497,2020/12/08 15:48:00,773.15,773.15,773.15,773.15,1.0
3498,2020/12/09 09:21:00,770.0,780.05,770.0,770.0,100.0
3499,2020/12/09 09:26:00,776.95,776.95,776.95,776.95,5.0
3500,2020/12/09 09:33:00,772.0,772.0,772.0,772.0,20.0
3501,2020/12/09 09:35:00,772.05,772.05,772.05,772.05,10.0
3502,2020/12/09 09:37:00,779.3,779.3,779.3,779.3,13.0
3503,2020/12/09 09:38:00,770.0,770.0,770.0,770.0,46.0
3504,2020/12/09 09:41:00,770.5,770.5,770.5,770.5,13.0
3505,2020/12/09 09:54:00,775.95,775.95,775.95,775.95,5.0
3506,2020/12/09 09:55:00,775.95,775.95,770.6,770.6,24.0
3507,2020/12/09 10:07:00,775.95,775.95,775.95,775.95,1.0
3508,2020/12/09 10:08:00,775.95,775.95,775.95,775.95,5.0
3509,2020/12/09 10:11:00,775.95,775.95,775.95,775.95,1.0
3510,2020/12/09 10:12:00,775.95,775.95,775.95,775.95,13.0
3511,2020/12/09 10:15:00,779.45,779.45,779.45,779.45,12.0
3512,2020/12/09 10:16:00,779.2,779.2,779.2,779.2,1.0
3513,2020/12/09 10:17:00,779.1,779.1,779.1,779.1,2.0
3514,2020/12/09 10:20:00,771.9,771.9,771.9,771.9,7.0
3515,2020/12/09 10:29:00,779.05,779.05,779.05,779.05,2.0
3516,2020/12/09 10:32:00,775.05,779.0,775.05,779.0,16.0
3517,2020/12/09 10:39:00,779.0,779.0,779.0,779.0,2.0
3518,2020/12/09 10:41:00,776.0,776.0,776.0,776.0,7.0
3519,2020/12/09 10:42:00,775.0,775.0,775.0,775.0,50.0
3520,2020/12/09 10:45:00,782.2,782.2,782.2,782.2,1.0
3521,2020/12/09 11:01:00,782.05,782.05,782.05,782.05,3.0
3522,2020/12/09 11:29:00,775.0,775.0,775.0,775.0,24.0
3523,2020/12/09 11:34:00,775.05,778.35,775.05,778.35,2.0
3524,2020/12/09 11:37:00,780.8,780.8,780.8,780.8,4.0
3525,2020/12/09 11:40:00,780.8,780.8,780.8,780.8,1.0
3526,2020/12/09 11:45:00,775.0,775.0,775.0,775.0,30.0
3527,2020/12/09 11:48:00,779.95,779.95,779.95,779.95,1.0
3528,2020/12/09 11:49:00,779.95,779.95,779.95,779.95,5.0
3529,2020/12/09 11:50:00,775.0,775.0,775.0,775.0,51.0
3530,2020/12/09 11:59:00,779.9,779.9,779.9,779.9,8.0
3531,2020/12/09 12:05:00,779.9,779.9,779.9,779.9,1.0
3532,2020/12/09 12:11:00,779.9,779.9,779.9,779.9,10.0
3533,2020/12/09 12:19:00,779.9,779.9,779.9,779.9,17.0
3534,2020/12/09 12:24:00,779.9,779.9,779.9,779.9,7.0
3535,2020/12/09 12:33:00,775.2,775.2,775.2,775.2,11.0
3536,2020/12/09 12:38:00,779.8,779.8,775.0,775.0,23.0
3537,2020/12/09 12:55:00,775.05,775.05,775.05,775.05,1.0
3538,2020/12/09 13:02:00,778.95,778.95,778.95,778.95,5.0
3539,2020/12/09 13:07:00,779.0,779.0,779.0,779.0,25.0
3540,2020/12/09 13:13:00,779.0,779.0,779.0,779.0,60.0
3541,2020/12/09 13:15:00,781.0,781.0,781.0,781.0,1.0
3542,2020/12/09 13:23:00,780.3,780.3,780.3,780.3,5.0
3543,2020/12/09 13:26:00,781.0,781.0,781.0,781.0,10.0
3544,2020/12/09 13:27:00,782.0,782.0,782.0,782.0,10.0
3545,2020/12/09 13:35:00,780.3,780.3,780.3,780.3,3.0
3546,2020/12/09 13:36:00,779.0,779.0,779.0,779.0,40.0
3547,2020/12/09 13:39:00,775.0,775.0,775.0,775.0,49.0
3548,2020/12/09 13:49:00,775.0,775.0,775.0,775.0,15.0
3549,2020/12/09 13:52:00,775.0,775.0,775.0,775.0,5.0
3550,2020/12/09 14:00:00,779.0,779.0,779.0,779.0,5.0
3551,2020/12/09 14:24:00,775.15,775.15,775.15,775.15,10.0
3552,2020/12/09 14:31:00,779.85,779.85,779.85,779.85,10.0
3553,2020/12/09 14:40:00,775.25,775.25,775.25,775.25,5.0
3554,2020/12/09 14:43:00,779.75,779.75,779.75,779.75,1.0
3555,2020/12/09 14:47:00,775.0,775.0,775.0,775.0,97.0
3556,2020/12/09 14:49:00,779.6,779.6,779.6,779.6,10.0
3557,2020/12/09 14:50:00,775.05,775.05,775.05,775.05,5.0
3558,2020/12/09 14:55:00,775.05,775.05,775.05,775.05,1.0
3559,2020/12/09 14:58:00,780.0,780.0,780.0,780.0,82.0
3560,2020/12/09 15:01:00,779.95,779.95,779.95,779.95,2.0
3561,2020/12/09 15:03:00,775.25,775.25,775.25,775.25,2.0
3562,2020/12/09 15:05:00,779.0,779.0,779.0,779.0,7.0
3563,2020/12/09 15:09:00,780.0,780.0,780.0,780.0,15.0
3564,2020/12/09 15:16:00,780.0,789.9,780.0,789.9,101.0
3565,2020/12/09 15:18:00,778.5,780.0,778.5,780.0,14.0
3566,2020/12/09 15:19:00,779.15,779.15,779.15,779.15,8.0
3567,2020/12/09 15:21:00,779.1,779.1,778.85,778.85,22.0
3568,2020/12/09 15:22:00,778.5,778.5,778.5,778.5,20.0
3569,2020/12/09 15:23:00,780.0,780.0,780.0,780.0,4.0
3570,2020/12/09 15:25:00,783.95,783.95,783.95,783.95,10.0
3571,2020/12/09 15:27:00,783.95,783.95,783.95,783.95,4.0
3572,2020/12/09 15:28:00,784.0,784.0,784.0,784.0,9.0
3573,2020/12/10 09:07:00,790.4,790.4,790.4,790.4,76.0
3574,2020/12/10 09:15:00,790.4,790.75,790.35,790.4,89.0
3575,2020/12/10 09:23:00,785.0,785.0,782.1,782.1,73.0
3576,2020/12/10 09:27:00,784.9,784.9,784.9,784.9,66.0
3577,2020/12/10 09:28:00,782.1,782.1,782.1,782.1,69.0
3578,2020/12/10 09:32:00,785.0,785.0,785.0,785.0,69.0
3579,2020/12/10 09:46:00,780.1,780.1,780.1,780.1,66.0
3580,2020/12/10 09:50:00,780.1,780.1,780.1,780.1,71.0
3581,2020/12/10 09:53:00,780.0,780.0,780.0,780.0,74.0
3582,2020/12/10 09:54:00,770.0,770.0,770.0,770.0,95.0
3583,2020/12/10 09:56:00,770.0,776.95,770.0,770.45,76.0
3584,2020/12/10 09:58:00,776.8,776.8,776.8,776.8,65.0
3585,2020/12/10 09:59:00,776.7,776.7,776.7,776.7,67.0
3586,2020/12/10 10:17:00,776.65,776.65,776.65,776.65,65.0
3587,2020/12/10 10:27:00,776.65,776.65,776.65,776.65,65.0
3588,2020/12/10 10:34:00,775.0,775.0,775.0,775.0,66.0
3589,2020/12/10 10:39:00,770.6,770.6,770.6,770.6,69.0
3590,2020/12/10 10:42:00,776.6,776.6,776.6,776.6,65.0
3591,2020/12/10 10:45:00,776.6,776.6,776.6,776.6,65.0
3592,2020/12/10 10:49:00,776.5,776.5,776.5,776.5,67.0
3593,2020/12/10 10:53:00,770.85,770.85,770.85,770.85,65.0
3594,2020/12/10 11:03:00,776.35,776.35,776.35,776.35,65.0
3595,2020/12/10 11:11:00,771.0,771.0,771.0,771.0,67.0
3596,2020/12/10 11:13:00,771.1,771.1,771.1,771.1,72.0
3597,2020/12/10 11:19:00,776.35,776.35,776.35,776.35,65.0
3598,2020/12/10 11:20:00,776.35,776.35,776.35,776.35,69.0
3599,2020/12/10 11:21:00,776.35,776.35,776.35,776.35,65.0
3600,2020/12/10 11:22:00,776.95,776.95,776.95,776.95,66.0
3601,2020/12/10 11:30:00,783.95,783.95,783.95,783.95,67.0
3602,2020/12/10 11:36:00,775.0,775.0,775.0,775.0,72.0
3603,2020/12/10 11:50:00,785.0,785.0,785.0,785.0,85.0
3604,2020/12/10 11:51:00,785.0,785.0,785.0,785.0,76.0
3605,2020/12/10 11:52:00,795.05,800.1,795.0,800.0,85.0
3606,2020/12/10 11:54:00,796.0,796.0,796.0,796.0,76.0
3607,2020/12/10 11:56:00,796.0,796.0,796.0,796.0,159.0
3608,2020/12/10 11:57:00,796.0,800.0,796.0,800.0,85.0
3609,2020/12/10 11:59:00,799.85,799.85,799.85,799.85,73.0
3610,2020/12/10 12:00:00,796.0,796.0,796.0,796.0,100.0
3611,2020/12/10 12:01:00,796.0,796.0,796.0,796.0,82.0
3612,2020/12/10 12:02:00,800.0,800.0,800.0,800.0,66.0
3613,2020/12/10 12:03:00,800.05,805.85,800.05,801.65,69.0
3614,2020/12/10 12:06:00,801.65,801.65,801.65,801.65,73.0
3615,2020/12/10 12:07:00,800.4,800.4,800.4,800.4,67.0
3616,2020/12/10 12:08:00,800.4,800.4,796.0,796.0,546.0
3617,2020/12/10 12:09:00,800.0,800.0,800.0,800.0,414.0
3618,2020/12/10 12:11:00,800.0,800.0,800.0,800.0,68.0
3619,2020/12/10 12:12:00,800.0,800.0,800.0,800.0,185.0
3620,2020/12/10 12:14:00,798.8,800.0,796.95,800.0,69.0
3621,2020/12/10 12:18:00,800.0,802.0,800.0,802.0,1795.0
3622,2020/12/10 12:20:00,802.0,805.85,802.0,805.85,216.0
3623,2020/12/10 12:21:00,806.0,810.0,806.0,810.0,71.0
3624,2020/12/10 12:22:00,805.0,805.0,805.0,805.0,66.0
3625,2020/12/10 12:23:00,805.0,805.0,805.0,805.0,89.0
3626,2020/12/10 12:24:00,805.0,805.0,805.0,805.0,70.0
3627,2020/12/10 12:34:00,804.0,804.0,804.0,804.0,84.0
3628,2020/12/10 12:37:00,802.05,802.05,802.05,802.05,68.0
3629,2020/12/10 12:38:00,804.0,804.0,802.1,802.1,66.0
3630,2020/12/10 12:39:00,802.05,802.1,802.05,802.05,72.0
3631,2020/12/10 12:40:00,802.05,802.05,802.05,802.05,65.0
3632,2020/12/10 12:41:00,802.0,802.0,801.0,801.0,211.0
3633,2020/12/10 12:42:00,800.0,800.0,800.0,800.0,73.0
3634,2020/12/10 12:45:00,799.85,800.0,799.85,800.0,787.0
3635,2020/12/10 12:47:00,802.0,802.0,800.0,800.0,68.0
3636,2020/12/10 12:48:00,802.0,802.0,802.0,802.0,139.0
3637,2020/12/10 12:49:00,800.0,800.0,800.0,800.0,114.0
3638,2020/12/10 12:50:00,800.0,800.0,800.0,800.0,65.0
3639,2020/12/10 12:57:00,794.8,794.8,794.8,794.8,65.0
3640,2020/12/10 12:59:00,798.95,798.95,798.95,798.95,65.0
3641,2020/12/10 13:00:00,798.95,798.95,798.95,798.95,114.0
3642,2020/12/10 13:04:00,800.0,800.0,800.0,800.0,109.0
3643,2020/12/10 13:05:00,800.0,800.0,800.0,800.0,682.0
3644,2020/12/10 13:06:00,800.0,802.0,800.0,802.0,99.0
3645,2020/12/10 13:07:00,800.0,800.0,800.0,800.0,593.0
3646,2020/12/10 13:12:00,800.0,800.0,800.0,800.0,88.0
3647,2020/12/10 13:15:00,800.0,800.0,800.0,800.0,164.0
3648,2020/12/10 13:22:00,800.05,800.05,800.0,800.0,116.0
3649,2020/12/10 13:28:00,800.05,800.05,800.0,800.0,892.0
3650,2020/12/10 13:30:00,800.05,800.05,800.05,800.05,864.0
3651,2020/12/10 13:31:00,800.05,800.05,800.05,800.05,261.0
3652,2020/12/10 13:35:00,800.0,800.0,800.0,800.0,113.0
3653,2020/12/10 14:07:00,790.7,790.7,790.7,790.7,69.0
3654,2020/12/10 14:09:00,800.0,800.0,800.0,800.0,77.0
3655,2020/12/10 14:11:00,791.1,791.1,791.1,791.1,65.0
3656,2020/12/10 14:14:00,788.0,788.0,788.0,788.0,65.0
3657,2020/12/10 14:15:00,790.05,790.05,790.05,790.05,65.0
3658,2020/12/10 14:21:00,799.95,799.95,799.95,799.95,68.0
3659,2020/12/10 14:25:00,791.05,791.05,791.05,791.05,66.0
3660,2020/12/10 14:27:00,790.05,790.05,790.05,790.05,69.0
3661,2020/12/10 14:30:00,800.0,800.05,800.0,800.05,767.0
3662,2020/12/10 14:31:00,800.0,800.0,800.0,800.0,120.0
3663,2020/12/10 14:36:00,805.0,805.0,805.0,805.0,68.0
3664,2020/12/10 14:38:00,800.05,800.05,800.05,800.05,70.0
3665,2020/12/10 14:39:00,800.05,800.05,800.05,800.05,68.0
3666,2020/12/10 14:42:00,800.05,800.05,800.05,800.05,66.0
3667,2020/12/10 14:43:00,800.0,800.0,800.0,800.0,82.0
3668,2020/12/10 14:45:00,800.0,800.0,800.0,800.0,755.0
3669,2020/12/10 14:46:00,790.0,790.0,790.0,790.0,73.0
3670,2020/12/10 14:51:00,798.95,798.95,798.95,798.95,66.0
3671,2020/12/10 14:57:00,790.4,790.4,790.4,790.4,75.0
3672,2020/12/10 15:02:00,790.1,790.1,790.1,790.1,70.0
3673,2020/12/10 15:04:00,800.0,800.0,800.0,800.0,72.0
3674,2020/12/10 15:06:00,800.05,800.05,800.05,800.05,73.0
3675,2020/12/10 15:07:00,800.05,800.05,800.05,800.05,78.0
3676,2020/12/10 15:09:00,800.0,800.0,800.0,800.0,68.0
3677,2020/12/10 15:10:00,800.5,800.5,800.5,800.5,65.0
3678,2020/12/10 15:11:00,800.0,800.0,800.0,800.0,140.0
3679,2020/12/10 15:12:00,800.0,800.0,800.0,800.0,68.0
3680,2020/12/10 15:14:00,800.0,800.0,800.0,800.0,78.0
3681,2020/12/10 15:17:00,800.0,800.0,800.0,800.0,264.0
3682,2020/12/10 15:20:00,800.5,800.5,800.5,800.5,71.0
3683,2020/12/10 15:21:00,800.5,800.5,800.5,800.5,65.0
3684,2020/12/10 15:22:00,803.95,803.95,803.95,803.95,66.0
3685,2020/12/10 15:23:00,805.0,805.0,805.0,805.0,80.0
3686,2020/12/10 15:24:00,805.9,806.9,805.05,805.05,103.0
3687,2020/12/10 15:26:00,805.05,805.15,805.05,805.15,81.0
3688,2020/12/10 15:27:00,806.95,810.0,806.95,810.0,163.0
3689,2020/12/10 15:28:00,796.1,796.1,796.1,796.1,65.0
3690,2020/12/10 15:29:00,805.0,805.0,805.0,805.0,95.0
3691,2020/12/11 09:07:00,839.0,839.0,839.0,839.0,310.0
3692,2020/12/11 09:15:00,808.5,839.0,808.35,839.0,121.0
3693,2020/12/11 09:16:00,837.95,837.95,812.0,812.0,250.0
3694,2020/12/11 09:17:00,812.05,812.05,812.05,812.05,10.0
3695,2020/12/11 09:18:00,812.05,812.05,812.05,812.05,51.0
3696,2020/12/11 09:19:00,812.45,816.4,811.45,816.4,19.0
3697,2020/12/11 09:20:00,818.0,819.0,818.0,819.0,23.0
3698,2020/12/11 09:21:00,816.4,830.95,816.4,830.95,136.0
3699,2020/12/11 09:22:00,805.0,805.0,805.0,805.0,90.0
3700,2020/12/11 09:25:00,813.15,815.55,813.15,815.55,8.0
3701,2020/12/11 09:26:00,815.0,815.0,815.0,815.0,6.0
3702,2020/12/11 09:28:00,806.0,815.0,806.0,815.0,29.0
3703,2020/12/11 09:30:00,806.05,806.05,806.05,806.05,1.0
3704,2020/12/11 09:32:00,815.0,815.0,815.0,815.0,30.0
3705,2020/12/11 09:43:00,813.95,813.95,813.95,813.95,1.0
3706,2020/12/11 09:56:00,813.95,813.95,813.95,813.95,20.0
3707,2020/12/11 10:03:00,813.9,813.9,813.9,813.9,1.0
3708,2020/12/11 10:07:00,810.0,813.7,810.0,813.7,63.0
3709,2020/12/11 10:09:00,814.95,814.95,814.95,814.95,105.0
3710,2020/12/11 10:14:00,810.0,810.0,810.0,810.0,175.0
3711,2020/12/11 10:19:00,814.8,814.8,814.8,814.8,1.0
3712,2020/12/11 10:22:00,809.9,809.9,809.9,809.9,82.0
3713,2020/12/11 10:29:00,814.95,814.95,814.95,814.95,25.0
3714,2020/12/11 10:30:00,815.0,815.0,815.0,815.0,51.0
3715,2020/12/11 10:35:00,810.25,810.25,810.25,810.25,125.0
3716,2020/12/11 10:37:00,810.05,810.05,810.05,810.05,1.0
3717,2020/12/11 10:39:00,810.05,810.05,810.05,810.05,10.0
3718,2020/12/11 10:41:00,810.05,810.05,810.05,810.05,27.0
3719,2020/12/11 10:50:00,820.0,820.0,820.0,820.0,62.0
3720,2020/12/11 10:58:00,810.05,810.05,810.05,810.05,2.0
3721,2020/12/11 11:00:00,814.45,814.45,810.2,810.2,27.0
3722,2020/12/11 11:06:00,819.8,819.8,819.8,819.8,8.0
3723,2020/12/11 11:24:00,816.0,816.0,816.0,816.0,1.0
3724,2020/12/11 11:30:00,811.85,811.85,811.85,811.85,24.0
3725,2020/12/11 11:31:00,811.95,811.95,811.95,811.95,2.0
3726,2020/12/11 11:41:00,812.05,812.05,812.05,812.05,38.0
3727,2020/12/11 12:03:00,812.15,812.15,812.15,812.15,1.0
3728,2020/12/11 12:06:00,812.15,812.15,812.15,812.15,1.0
3729,2020/12/11 12:09:00,812.15,812.15,812.15,812.15,5.0
3730,2020/12/11 12:14:00,813.7,813.7,813.7,813.7,55.0
3731,2020/12/11 12:16:00,814.1,814.1,814.1,814.1,1.0
3732,2020/12/11 12:18:00,814.1,814.1,814.1,814.1,25.0
3733,2020/12/11 12:19:00,814.0,814.0,814.0,814.0,25.0
3734,2020/12/11 12:20:00,810.0,810.0,810.0,810.0,100.0
3735,2020/12/11 12:37:00,815.95,815.95,810.0,810.0,100.0
3736,2020/12/11 12:38:00,808.3,815.3,808.3,815.3,16.0
3737,2020/12/11 12:49:00,809.6,809.6,809.6,809.6,1.0
3738,2020/12/11 12:51:00,808.0,808.0,808.0,808.0,51.0
3739,2020/12/11 13:00:00,808.0,808.0,808.0,808.0,20.0
3740,2020/12/11 13:44:00,808.2,808.2,808.2,808.2,18.0
3741,2020/12/11 13:47:00,808.0,808.0,808.0,808.0,9.0
3742,2020/12/11 13:51:00,808.0,808.0,808.0,808.0,10.0
3743,2020/12/11 13:59:00,808.05,808.05,808.05,808.05,2.0
3744,2020/12/11 14:08:00,808.0,808.0,808.0,808.0,10.0
3745,2020/12/11 14:13:00,811.0,811.0,811.0,811.0,2.0
3746,2020/12/11 14:15:00,808.0,808.0,808.0,808.0,74.0
3747,2020/12/11 14:16:00,807.0,807.0,807.0,807.0,35.0
3748,2020/12/11 14:20:00,807.0,807.0,807.0,807.0,5.0
3749,2020/12/11 14:21:00,806.4,806.4,806.35,806.35,21.0
3750,2020/12/11 14:23:00,806.0,806.0,806.0,806.0,4.0
3751,2020/12/11 14:24:00,805.0,805.0,802.0,802.0,81.0
3752,2020/12/11 14:29:00,805.0,805.0,805.0,805.0,4.0
3753,2020/12/11 14:32:00,802.4,802.4,802.4,802.4,1.0
3754,2020/12/11 14:34:00,803.1,803.1,803.1,803.1,1.0
3755,2020/12/11 14:40:00,802.05,802.05,802.0,802.0,2.0
3756,2020/12/11 14:43:00,805.0,805.0,805.0,805.0,10.0
3757,2020/12/11 14:44:00,805.0,805.0,805.0,805.0,30.0
3758,2020/12/11 14:54:00,805.45,806.1,805.4,806.1,12.0
3759,2020/12/11 15:04:00,805.0,805.0,805.0,805.0,24.0
3760,2020/12/11 15:06:00,805.0,805.0,805.0,805.0,49.0
3761,2020/12/11 15:08:00,805.0,805.0,805.0,805.0,18.0
3762,2020/12/11 15:13:00,806.1,806.1,806.1,806.1,40.0
3763,2020/12/11 15:16:00,805.35,805.35,805.35,805.35,12.0
3764,2020/12/11 15:19:00,802.1,802.1,802.1,802.1,1.0
3765,2020/12/11 15:20:00,803.8,803.8,803.8,803.8,5.0
3766,2020/12/11 15:22:00,802.05,802.2,802.05,802.15,28.0
3767,2020/12/11 15:23:00,802.1,802.1,802.1,802.1,2.0
3768,2020/12/11 15:24:00,802.05,802.05,802.0,802.0,17.0
3769,2020/12/11 15:28:00,802.1,802.1,802.1,802.1,4.0
3770,2020/12/11 15:53:00,805.35,805.35,805.35,805.35,57.0
3771,2020/12/14 09:15:00,802.1,802.1,802.05,802.1,10.0
3772,2020/12/14 09:16:00,814.0,814.0,814.0,814.0,6.0
3773,2020/12/14 09:23:00,814.0,814.0,814.0,814.0,94.0
3774,2020/12/14 09:24:00,820.0,820.0,820.0,820.0,2.0
3775,2020/12/14 09:25:00,820.0,820.0,820.0,820.0,4.0
3776,2020/12/14 09:29:00,802.0,802.0,802.0,802.0,100.0
3777,2020/12/14 09:32:00,803.25,803.25,803.25,803.25,9.0
3778,2020/12/14 09:36:00,803.95,803.95,803.95,803.95,48.0
3779,2020/12/14 09:39:00,804.0,804.0,804.0,804.0,58.0
3780,2020/12/14 09:41:00,813.95,813.95,804.0,804.0,14.0
3781,2020/12/14 09:42:00,803.95,803.95,803.95,803.95,10.0
3782,2020/12/14 09:46:00,805.95,810.05,804.95,804.95,15.0
3783,2020/12/14 09:47:00,810.05,810.05,804.95,810.05,10.0
3784,2020/12/14 09:48:00,804.95,810.05,804.95,804.95,10.0
3785,2020/12/14 09:49:00,810.05,810.05,803.25,803.25,12.0
3786,2020/12/14 09:52:00,803.25,803.25,803.25,803.25,10.0
3787,2020/12/14 10:01:00,810.7,810.7,810.7,810.7,10.0
3788,2020/12/14 10:05:00,803.7,803.7,803.7,803.7,5.0
3789,2020/12/14 10:06:00,803.7,803.7,803.7,803.7,2.0
3790,2020/12/14 10:11:00,803.7,803.7,803.7,803.7,7.0
3791,2020/12/14 10:16:00,811.55,811.55,811.55,811.55,1.0
3792,2020/12/14 10:17:00,800.0,800.0,800.0,800.0,124.0
3793,2020/12/14 10:18:00,800.0,800.0,800.0,800.0,51.0
3794,2020/12/14 10:19:00,797.35,797.35,795.0,795.0,3.0
3795,2020/12/14 10:20:00,799.95,799.95,799.95,799.95,1.0
3796,2020/12/14 10:23:00,790.2,791.0,790.2,791.0,11.0
3797,2020/12/14 10:26:00,799.95,799.95,799.95,799.95,1.0
3798,2020/12/14 10:29:00,791.0,791.0,790.2,790.2,4.0
3799,2020/12/14 10:30:00,799.9,799.9,799.9,799.9,1.0
3800,2020/12/14 10:33:00,790.3,790.3,790.3,790.3,25.0
3801,2020/12/14 10:34:00,798.7,798.7,790.3,790.3,17.0
3802,2020/12/14 10:53:00,790.5,790.5,790.5,790.5,21.0
3803,2020/12/14 11:07:00,798.6,798.6,798.6,798.6,50.0
3804,2020/12/14 11:46:00,798.4,798.4,798.4,798.4,50.0
3805,2020/12/14 11:47:00,792.0,792.0,792.0,792.0,50.0
3806,2020/12/14 12:00:00,792.0,792.0,792.0,792.0,17.0
3807,2020/12/14 12:05:00,791.7,791.7,791.7,791.7,5.0
3808,2020/12/14 12:07:00,800.0,800.0,800.0,800.0,95.0
3809,2020/12/14 12:15:00,791.1,791.1,791.1,791.1,25.0
3810,2020/12/14 12:21:00,797.95,797.95,797.95,797.95,1.0
3811,2020/12/14 12:27:00,798.05,798.05,798.05,798.05,10.0
3812,2020/12/14 12:33:00,798.15,798.15,798.15,798.15,2.0
3813,2020/12/14 12:37:00,799.95,799.95,799.95,799.95,1.0
3814,2020/12/14 12:38:00,799.95,799.95,799.95,799.95,1.0
3815,2020/12/14 12:43:00,799.85,799.85,799.85,799.85,46.0
3816,2020/12/14 12:51:00,791.6,791.6,791.6,791.6,5.0
3817,2020/12/14 13:11:00,799.85,799.85,799.85,799.85,2.0
3818,2020/12/14 13:57:00,800.0,800.0,800.0,800.0,371.0
3819,2020/12/14 13:58:00,800.1,800.1,800.1,800.1,3.0
3820,2020/12/14 14:04:00,800.1,800.1,800.1,800.1,1.0
3821,2020/12/14 14:26:00,800.15,800.15,800.15,800.15,1.0
3822,2020/12/14 14:31:00,800.2,800.2,800.2,800.2,5.0
3823,2020/12/14 14:44:00,805.9,805.9,805.9,805.9,20.0
3824,2020/12/14 14:51:00,800.0,800.0,800.0,800.0,100.0
3825,2020/12/14 15:05:00,800.0,800.0,800.0,800.0,85.0
3826,2020/12/14 15:08:00,799.95,799.95,799.95,799.95,1.0
3827,2020/12/14 15:09:00,791.7,791.7,791.7,791.7,20.0
3828,2020/12/14 15:10:00,800.0,800.0,800.0,800.0,100.0
3829,2020/12/14 15:13:00,800.0,800.0,794.05,794.05,27.0
3830,2020/12/14 15:17:00,800.0,800.0,800.0,800.0,15.0
3831,2020/12/14 15:18:00,795.0,795.0,795.0,795.0,3.0
3832,2020/12/14 15:23:00,797.05,798.0,797.05,798.0,7.0
3833,2020/12/14 15:26:00,797.0,800.0,795.0,800.0,30.0
3834,2020/12/14 15:28:00,791.0,791.0,791.0,791.0,25.0
3835,2020/12/14 15:29:00,800.0,800.0,800.0,800.0,10.0
3836,2020/12/15 09:23:00,791.4,807.35,791.35,800.95,47.0
3837,2020/12/15 09:35:00,800.95,800.95,800.95,800.95,2.0
3838,2020/12/15 09:39:00,800.95,800.95,800.95,800.95,3.0
3839,2020/12/15 09:40:00,800.95,800.95,799.0,799.0,55.0
3840,2020/12/15 09:46:00,799.0,799.0,799.0,799.0,6.0
3841,2020/12/15 09:54:00,795.0,795.0,795.0,795.0,3.0
3842,2020/12/15 09:55:00,791.2,791.2,791.2,791.2,1.0
3843,2020/12/15 10:04:00,790.0,790.0,790.0,790.0,24.0
3844,2020/12/15 10:05:00,788.0,788.5,788.0,788.0,22.0
3845,2020/12/15 10:08:00,780.0,780.0,775.0,775.0,60.0
3846,2020/12/15 10:09:00,778.05,778.05,778.05,778.05,2.0
3847,2020/12/15 10:11:00,779.0,779.0,779.0,779.0,22.0
3848,2020/12/15 10:13:00,786.0,786.0,786.0,786.0,100.0
3849,2020/12/15 10:17:00,779.45,782.0,779.45,781.45,7.0
3850,2020/12/15 10:21:00,781.0,781.0,780.0,780.0,6.0
3851,2020/12/15 10:30:00,782.0,782.0,782.0,782.0,5.0
3852,2020/12/15 10:40:00,779.5,779.5,779.5,779.5,20.0
3853,2020/12/15 10:42:00,780.4,780.4,780.4,780.4,1.0
3854,2020/12/15 10:43:00,780.4,780.4,780.4,780.4,3.0
3855,2020/12/15 10:46:00,780.4,780.4,780.4,780.4,2.0
3856,2020/12/15 10:54:00,780.4,780.4,780.4,780.4,6.0
3857,2020/12/15 10:58:00,795.0,800.95,795.0,800.95,216.0
3858,2020/12/15 11:02:00,800.0,800.0,800.0,800.0,22.0
3859,2020/12/15 11:08:00,800.05,800.05,800.05,800.05,1.0
3860,2020/12/15 11:10:00,800.05,800.05,800.05,800.05,1.0
3861,2020/12/15 11:11:00,800.0,800.0,800.0,800.0,24.0
3862,2020/12/15 11:17:00,800.0,800.0,800.0,800.0,163.0
3863,2020/12/15 11:18:00,800.0,800.0,800.0,800.0,4.0
3864,2020/12/15 11:20:00,800.0,800.0,800.0,800.0,50.0
3865,2020/12/15 11:21:00,800.0,800.0,800.0,800.0,1.0
3866,2020/12/15 11:23:00,800.0,800.0,800.0,800.0,40.0
3867,2020/12/15 11:35:00,800.0,800.0,800.0,800.0,1.0
3868,2020/12/15 11:40:00,800.0,800.0,800.0,800.0,52.0
3869,2020/12/15 11:50:00,800.0,800.0,800.0,800.0,100.0
3870,2020/12/15 11:52:00,800.0,800.0,800.0,800.0,4.0
3871,2020/12/15 11:59:00,800.0,800.0,800.0,800.0,10.0
3872,2020/12/15 12:00:00,800.0,800.0,800.0,800.0,100.0
3873,2020/12/15 12:21:00,800.0,800.0,800.0,800.0,12.0
3874,2020/12/15 12:37:00,800.95,800.95,800.95,800.95,1.0
3875,2020/12/15 13:15:00,803.85,803.85,803.85,803.85,2.0
3876,2020/12/15 13:16:00,800.0,800.0,800.0,800.0,6.0
3877,2020/12/15 13:49:00,800.05,800.05,800.05,800.05,10.0
3878,2020/12/15 14:20:00,800.05,800.05,800.05,800.05,25.0
3879,2020/12/15 14:24:00,810.0,810.0,810.0,810.0,53.0
3880,2020/12/15 14:27:00,800.0,800.0,800.0,800.0,78.0
3881,2020/12/15 14:37:00,808.3,808.3,808.3,808.3,63.0
3882,2020/12/15 14:38:00,801.05,801.05,801.05,801.05,104.0
3883,2020/12/15 14:42:00,809.25,809.25,809.25,809.25,20.0
3884,2020/12/15 14:45:00,800.0,800.0,800.0,800.0,25.0
3885,2020/12/15 15:24:00,800.05,800.05,800.05,800.05,5.0
3886,2020/12/15 15:25:00,800.0,804.95,800.0,804.95,6.0
3887,2020/12/15 15:26:00,804.95,804.95,804.95,804.95,7.0
3888,2020/12/15 15:27:00,804.95,804.95,804.95,804.95,8.0
3889,2020/12/15 15:28:00,804.8,804.95,804.8,804.95,21.0
3890,2020/12/15 15:29:00,805.0,805.0,805.0,805.0,1.0
3891,2020/12/16 09:23:00,818.95,818.95,817.95,818.95,5.0
3892,2020/12/16 09:24:00,811.05,811.05,811.0,811.05,20.0
3893,2020/12/16 09:26:00,811.05,812.95,811.05,812.95,11.0
3894,2020/12/16 09:27:00,813.0,813.0,813.0,813.0,8.0
3895,2020/12/16 09:28:00,813.0,813.0,813.0,813.0,31.0
3896,2020/12/16 09:30:00,811.0,811.0,811.0,811.0,1.0
3897,2020/12/16 09:34:00,811.0,811.0,811.0,811.0,25.0
3898,2020/12/16 09:37:00,811.0,811.0,811.0,811.0,60.0
3899,2020/12/16 09:39:00,811.0,811.0,811.0,811.0,71.0
3900,2020/12/16 09:40:00,812.95,812.95,809.95,810.0,53.0
3901,2020/12/16 09:42:00,812.95,812.95,812.95,812.95,2.0
3902,2020/12/16 09:45:00,810.8,810.8,810.8,810.8,1.0
3903,2020/12/16 09:46:00,804.0,804.0,804.0,804.0,5.0
3904,2020/12/16 09:47:00,809.35,809.35,809.35,809.35,3.0
3905,2020/12/16 09:49:00,809.35,809.4,809.35,809.4,40.0
3906,2020/12/16 10:13:00,809.0,809.0,809.0,809.0,1.0
3907,2020/12/16 10:27:00,805.05,805.05,805.05,805.05,5.0
3908,2020/12/16 10:29:00,805.0,805.0,805.0,805.0,10.0
3909,2020/12/16 10:34:00,805.05,805.05,805.05,805.05,1.0
3910,2020/12/16 10:36:00,805.0,805.0,805.0,805.0,10.0
3911,2020/12/16 10:38:00,805.0,805.0,805.0,805.0,4.0
3912,2020/12/16 10:56:00,805.0,805.0,805.0,805.0,25.0
3913,2020/12/16 11:11:00,805.0,805.0,805.0,805.0,40.0
3914,2020/12/16 11:21:00,805.0,805.0,805.0,805.0,5.0
3915,2020/12/16 11:30:00,808.0,809.4,808.0,809.4,90.0
3916,2020/12/16 11:32:00,805.05,805.05,805.05,805.05,105.0
3917,2020/12/16 12:01:00,805.05,805.05,805.05,805.05,7.0
3918,2020/12/16 12:06:00,805.05,805.05,805.05,805.05,1.0
3919,2020/12/16 12:28:00,809.35,809.35,809.35,809.35,1.0
3920,2020/12/16 12:29:00,809.0,809.0,809.0,809.0,50.0
3921,2020/12/16 12:32:00,805.0,805.0,804.95,804.95,128.0
3922,2020/12/16 12:34:00,805.0,805.0,805.0,805.0,200.0
3923,2020/12/16 12:35:00,805.0,805.0,805.0,805.0,1.0
3924,2020/12/16 12:36:00,800.6,800.6,800.6,800.6,20.0
3925,2020/12/16 12:37:00,805.0,805.0,805.0,805.0,100.0
3926,2020/12/16 12:52:00,805.0,805.0,805.0,805.0,1.0
3927,2020/12/16 13:00:00,805.0,805.0,805.0,805.0,205.0
3928,2020/12/16 13:01:00,805.0,805.0,805.0,805.0,629.0
3929,2020/12/16 13:08:00,805.0,805.0,805.0,805.0,1.0
3930,2020/12/16 13:33:00,805.0,805.0,805.0,805.0,13.0
3931,2020/12/16 13:38:00,805.0,805.0,805.0,805.0,5.0
3932,2020/12/16 13:44:00,809.0,809.0,809.0,809.0,77.0
3933,2020/12/16 13:45:00,809.0,809.0,809.0,809.0,23.0
3934,2020/12/16 13:59:00,805.15,805.15,805.15,805.15,5.0
3935,2020/12/16 14:09:00,805.15,805.15,805.15,805.15,1.0
3936,2020/12/16 14:11:00,805.0,805.0,805.0,805.0,50.0
3937,2020/12/16 14:18:00,805.0,805.0,805.0,805.0,10.0
3938,2020/12/16 14:23:00,805.0,805.0,805.0,805.0,50.0
3939,2020/12/16 14:25:00,806.75,806.75,806.75,806.75,50.0
3940,2020/12/16 14:26:00,806.75,806.85,806.75,806.85,100.0
3941,2020/12/16 14:28:00,805.05,805.05,805.05,805.05,1.0
3942,2020/12/16 14:37:00,805.05,805.05,805.05,805.05,54.0
3943,2020/12/16 14:52:00,805.0,805.0,805.0,805.0,600.0
3944,2020/12/16 15:00:00,805.0,805.0,805.0,805.0,300.0
3945,2020/12/16 15:06:00,805.0,805.0,805.0,805.0,100.0
3946,2020/12/16 15:07:00,805.0,805.0,805.0,805.0,2.0
3947,2020/12/16 15:08:00,805.0,805.0,805.0,805.0,200.0
3948,2020/12/16 15:19:00,805.0,805.0,805.0,805.0,100.0
3949,2020/12/16 15:20:00,805.0,805.0,805.0,805.0,410.0
3950,2020/12/16 15:21:00,800.0,800.0,800.0,800.0,60.0
3951,2020/12/16 15:25:00,804.95,804.95,804.95,804.95,1.0
3952,2020/12/16 15:26:00,804.95,804.95,804.95,804.95,1.0
3953,2020/12/16 15:28:00,800.05,800.05,800.0,800.0,44.0
3954,2020/12/17 09:07:00,814.45,814.45,814.45,814.45,3.0
3955,2020/12/17 09:15:00,809.95,810.0,809.95,810.0,6.0
3956,2020/12/17 09:17:00,809.95,809.95,809.95,809.95,1.0
3957,2020/12/17 09:22:00,805.25,805.25,805.25,805.25,8.0
3958,2020/12/17 09:23:00,805.3,805.3,805.3,805.3,1.0
3959,2020/12/17 09:25:00,805.25,805.25,805.25,805.25,47.0
3960,2020/12/17 09:26:00,805.0,805.0,805.0,805.0,1.0
3961,2020/12/17 09:28:00,805.0,805.0,805.0,805.0,5.0
3962,2020/12/17 09:29:00,805.0,805.0,805.0,805.0,7.0
3963,2020/12/17 09:35:00,805.3,805.3,805.3,805.3,97.0
3964,2020/12/17 09:36:00,810.0,810.0,810.0,810.0,1.0
3965,2020/12/17 09:37:00,810.0,810.0,810.0,810.0,9.0
3966,2020/12/17 09:38:00,810.0,810.0,810.0,810.0,24.0
3967,2020/12/17 09:39:00,814.45,814.45,810.5,810.5,100.0
3968,2020/12/17 09:41:00,810.5,810.5,810.5,810.5,30.0
3969,2020/12/17 09:42:00,810.55,810.55,810.5,810.5,2.0
3970,2020/12/17 09:43:00,810.5,810.5,810.0,810.0,32.0
3971,2020/12/17 09:49:00,809.45,809.45,809.45,809.45,2.0
3972,2020/12/17 09:54:00,809.5,809.5,809.5,809.5,81.0
3973,2020/12/17 09:56:00,809.5,809.5,809.5,809.5,18.0
3974,2020/12/17 10:05:00,805.0,814.4,802.5,812.1,384.0
3975,2020/12/17 10:06:00,814.0,814.4,802.0,806.3,382.0
3976,2020/12/17 10:07:00,802.1,812.95,802.1,812.95,118.0
3977,2020/12/17 10:09:00,812.65,812.65,812.65,812.65,1.0
3978,2020/12/17 10:10:00,812.65,812.65,805.6,805.6,40.0
3979,2020/12/17 10:12:00,811.55,811.55,811.5,811.5,30.0
3980,2020/12/17 10:18:00,811.45,811.45,811.45,811.45,1.0
3981,2020/12/17 10:21:00,810.0,810.0,810.0,810.0,7.0
3982,2020/12/17 10:23:00,812.0,812.0,811.95,811.95,30.0
3983,2020/12/17 10:35:00,809.55,809.55,809.55,809.55,18.0
3984,2020/12/17 10:43:00,808.0,808.0,808.0,808.0,2.0
3985,2020/12/17 10:45:00,810.0,810.0,810.0,810.0,25.0
3986,2020/12/17 10:46:00,808.25,808.25,808.25,808.25,24.0
3987,2020/12/17 10:48:00,808.0,808.0,808.0,808.0,30.0
3988,2020/12/17 10:55:00,808.05,808.05,808.05,808.05,5.0
3989,2020/12/17 11:07:00,807.55,807.55,807.55,807.55,1216.0
3990,2020/12/17 11:08:00,807.0,807.0,807.0,807.0,224.0
3991,2020/12/17 11:11:00,809.9,809.9,809.9,809.9,50.0
3992,2020/12/17 11:13:00,802.55,802.55,802.55,802.55,32.0
3993,2020/12/17 11:16:00,809.9,809.9,809.9,809.9,50.0
3994,2020/12/17 11:18:00,803.1,803.1,803.1,803.1,50.0
3995,2020/12/17 11:22:00,807.95,807.95,807.95,807.95,3.0
3996,2020/12/17 11:28:00,805.0,808.0,805.0,808.0,880.0
3997,2020/12/17 11:29:00,808.0,808.0,808.0,808.0,1000.0
3998,2020/12/17 11:34:00,805.05,805.05,805.05,805.05,50.0
3999,2020/12/17 11:38:00,807.95,807.95,807.95,807.95,1.0
4000,2020/12/17 11:40:00,807.95,807.95,807.95,807.95,1.0
4001,2020/12/17 11:58:00,808.0,808.0,808.0,808.0,25.0
4002,2020/12/17 11:59:00,808.0,808.0,808.0,808.0,10.0
4003,2020/12/17 12:00:00,808.0,808.0,808.0,808.0,100.0
4004,2020/12/17 12:02:00,808.0,808.0,808.0,808.0,100.0
4005,2020/12/17 12:12:00,808.0,808.0,808.0,808.0,40.0
4006,2020/12/17 12:17:00,805.05,805.05,805.05,805.05,10.0
4007,2020/12/17 12:27:00,807.95,807.95,807.95,807.95,3.0
4008,2020/12/17 12:36:00,807.95,808.0,807.95,808.0,2.0
4009,2020/12/17 12:38:00,808.0,808.0,808.0,808.0,2.0
4010,2020/12/17 12:46:00,806.0,806.0,806.0,806.0,62.0
4011,2020/12/17 12:48:00,806.0,806.0,806.0,806.0,55.0
4012,2020/12/17 12:49:00,805.05,805.05,805.05,805.05,64.0
4013,2020/12/17 12:52:00,804.55,804.55,804.55,804.55,1.0
4014,2020/12/17 12:56:00,804.0,804.0,804.0,804.0,1.0
4015,2020/12/17 12:59:00,804.4,804.4,804.4,804.4,2.0
4016,2020/12/17 13:04:00,804.4,804.4,804.4,804.4,1.0
4017,2020/12/17 13:05:00,804.0,804.0,804.0,804.0,41.0
4018,2020/12/17 13:08:00,804.3,804.3,804.3,804.3,2.0
4019,2020/12/17 13:11:00,804.35,804.35,804.35,804.35,2.0
4020,2020/12/17 13:12:00,804.3,804.3,804.3,804.3,2.0
4021,2020/12/17 13:13:00,804.4,804.4,804.4,804.4,25.0
4022,2020/12/17 13:15:00,804.4,804.4,804.4,804.4,2.0
4023,2020/12/17 13:25:00,802.0,802.0,802.0,802.0,150.0
4024,2020/12/17 13:27:00,802.0,802.0,802.0,802.0,6.0
4025,2020/12/17 13:34:00,804.4,804.4,804.4,804.4,15.0
4026,2020/12/17 13:40:00,801.0,801.0,800.5,800.5,100.0
4027,2020/12/17 13:42:00,804.15,804.15,804.15,804.15,4.0
4028,2020/12/17 13:43:00,804.2,804.2,804.2,804.2,1.0
4029,2020/12/17 13:44:00,804.2,804.2,804.2,804.2,10.0
4030,2020/12/17 13:47:00,805.0,805.0,805.0,805.0,34.0
4031,2020/12/17 14:11:00,805.0,805.0,805.0,805.0,6.0
4032,2020/12/17 14:12:00,805.0,805.0,805.0,805.0,2.0
4033,2020/12/17 14:16:00,800.05,800.05,800.05,800.05,45.0
4034,2020/12/17 14:40:00,800.0,800.0,798.45,798.45,99.0
4035,2020/12/17 14:41:00,800.0,800.0,800.0,800.0,5.0
4036,2020/12/17 14:43:00,800.0,800.0,800.0,800.0,13.0
4037,2020/12/17 14:49:00,800.0,800.0,800.0,800.0,30.0
4038,2020/12/17 14:50:00,800.0,800.0,800.0,800.0,15.0
4039,2020/12/17 14:52:00,800.0,800.0,800.0,800.0,50.0
4040,2020/12/17 14:58:00,800.0,800.0,800.0,800.0,5.0
4041,2020/12/17 15:03:00,798.0,798.0,795.0,795.0,56.0
4042,2020/12/17 15:04:00,799.95,799.95,799.95,799.95,10.0
4043,2020/12/17 15:08:00,800.0,800.0,795.0,795.0,11.0
4044,2020/12/17 15:09:00,799.95,799.95,799.95,799.95,1.0
4045,2020/12/17 15:17:00,799.8,799.8,799.8,799.8,7.0
4046,2020/12/17 15:22:00,799.8,799.8,795.0,795.0,68.0
4047,2020/12/17 15:23:00,795.0,795.0,795.0,795.0,1.0
4048,2020/12/17 15:24:00,795.0,795.0,795.0,795.0,3.0
4049,2020/12/17 15:25:00,795.0,795.0,795.0,795.0,10.0
4050,2020/12/17 15:26:00,795.0,795.0,795.0,795.0,2.0
4051,2020/12/17 15:27:00,795.0,795.0,795.0,795.0,13.0
4052,2020/12/17 15:29:00,795.0,805.0,795.0,805.0,19.0
4053,2020/12/18 09:20:00,814.95,814.95,814.95,814.95,5.0
4054,2020/12/18 09:23:00,809.0,809.0,809.0,809.0,13.0
4055,2020/12/18 09:24:00,808.95,808.95,808.95,808.95,8.0
4056,2020/12/18 09:26:00,796.55,796.65,796.55,796.65,20.0
4057,2020/12/18 09:28:00,796.7,796.7,796.7,796.7,4.0
4058,2020/12/18 09:36:00,796.8,804.4,796.8,804.4,13.0
4059,2020/12/18 09:39:00,804.95,804.95,804.95,804.95,25.0
4060,2020/12/18 09:45:00,808.0,808.0,808.0,808.0,10.0
4061,2020/12/18 09:55:00,796.85,796.85,796.85,796.85,15.0
4062,2020/12/18 10:23:00,796.9,796.9,796.9,796.9,5.0
4063,2020/12/18 10:24:00,800.0,800.0,800.0,800.0,1.0
4064,2020/12/18 10:29:00,800.0,800.0,800.0,800.0,6.0
4065,2020/12/18 10:30:00,800.0,800.0,800.0,800.0,9.0
4066,2020/12/18 11:01:00,800.0,800.0,800.0,800.0,42.0
4067,2020/12/18 11:02:00,799.95,799.95,799.95,799.95,200.0
4068,2020/12/18 11:14:00,806.9,806.9,806.9,806.9,10.0
4069,2020/12/18 11:16:00,797.1,797.1,797.1,797.1,6.0
4070,2020/12/18 11:17:00,797.1,797.1,797.1,797.1,44.0
4071,2020/12/18 11:36:00,798.95,798.95,798.95,798.95,12.0
4072,2020/12/18 11:37:00,804.05,804.05,798.95,798.95,27.0
4073,2020/12/18 11:38:00,804.05,804.05,798.95,804.05,14.0
4074,2020/12/18 11:39:00,798.45,804.05,798.45,798.95,6.0
4075,2020/12/18 11:40:00,804.05,804.05,798.95,804.05,14.0
4076,2020/12/18 11:41:00,798.95,805.05,798.95,798.95,14.0
4077,2020/12/18 11:42:00,804.05,805.0,797.25,797.25,11.0
4078,2020/12/18 11:50:00,798.0,798.0,798.0,798.0,20.0
4079,2020/12/18 11:55:00,806.75,806.75,806.75,806.75,2.0
4080,2020/12/18 12:01:00,797.2,797.2,797.2,797.2,5.0
4081,2020/12/18 12:13:00,798.0,798.0,798.0,798.0,2.0
4082,2020/12/18 12:23:00,806.75,806.75,806.75,806.75,10.0
4083,2020/12/18 12:25:00,806.75,806.75,806.75,806.75,1.0
4084,2020/12/18 12:30:00,798.0,798.0,798.0,798.0,3.0
4085,2020/12/18 12:36:00,805.0,805.0,805.0,805.0,1.0
4086,2020/12/18 12:48:00,802.0,802.0,802.0,802.0,2.0
4087,2020/12/18 12:49:00,801.0,801.0,801.0,801.0,30.0
4088,2020/12/18 12:51:00,804.0,804.0,804.0,804.0,20.0
4089,2020/12/18 13:01:00,804.0,804.0,804.0,804.0,30.0
4090,2020/12/18 13:03:00,804.0,804.0,804.0,804.0,5.0
4091,2020/12/18 13:14:00,800.1,800.1,800.1,800.1,8.0
4092,2020/12/18 13:37:00,800.1,800.1,800.1,800.1,1.0
4093,2020/12/18 13:46:00,803.95,803.95,803.95,803.95,5.0
4094,2020/12/18 13:54:00,800.1,800.1,800.1,800.1,11.0
4095,2020/12/18 13:55:00,800.1,800.1,800.1,800.1,10.0
4096,2020/12/18 14:14:00,800.1,800.1,800.1,800.1,8.0
4097,2020/12/18 14:24:00,800.1,800.1,800.1,800.1,2.0
4098,2020/12/18 14:31:00,807.95,807.95,807.95,807.95,60.0
4099,2020/12/18 14:42:00,800.55,800.55,800.55,800.55,5.0
4100,2020/12/18 14:47:00,800.55,800.55,800.55,800.55,25.0
4101,2020/12/18 15:12:00,801.0,801.0,801.0,801.0,10.0
4102,2020/12/18 15:19:00,800.1,800.1,800.1,800.1,50.0
4103,2020/12/18 15:25:00,800.1,800.1,800.1,800.1,25.0
4104,2020/12/18 15:28:00,800.85,800.85,800.85,800.85,3.0
4105,2020/12/18 15:29:00,796.0,796.0,796.0,796.0,35.0
4106,2020/12/21 09:15:00,799.65,799.7,791.0,791.0,33.0
4107,2020/12/21 09:19:00,800.0,800.0,800.0,800.0,94.0
4108,2020/12/21 09:22:00,800.0,800.0,800.0,800.0,10.0
4109,2020/12/21 09:23:00,804.95,804.95,804.95,804.95,16.0
4110,2020/12/21 09:26:00,820.0,820.0,807.0,807.0,101.0
4111,2020/12/21 09:28:00,814.05,814.05,805.0,806.0,19.0
4112,2020/12/21 09:32:00,814.0,814.0,814.0,814.0,5.0
4113,2020/12/21 09:33:00,814.0,814.0,814.0,814.0,10.0
4114,2020/12/21 09:34:00,813.95,813.95,813.45,813.45,22.0
4115,2020/12/21 09:41:00,800.3,800.35,800.3,800.35,3.0
4116,2020/12/21 09:43:00,800.95,800.95,800.95,800.95,1.0
4117,2020/12/21 09:52:00,806.0,806.0,806.0,806.0,1.0
4118,2020/12/21 09:53:00,813.0,813.0,813.0,813.0,1.0
4119,2020/12/21 09:54:00,812.95,812.95,812.95,812.95,16.0
4120,2020/12/21 09:55:00,801.6,812.95,801.5,801.5,94.0
4121,2020/12/21 09:59:00,812.95,812.95,812.95,812.95,1.0
4122,2020/12/21 10:08:00,812.3,812.3,812.3,812.3,5.0
4123,2020/12/21 10:09:00,809.95,811.7,807.95,811.7,5.0
4124,2020/12/21 10:10:00,811.95,811.95,811.95,811.95,1.0
4125,2020/12/21 10:13:00,802.1,802.1,802.1,802.1,5.0
4126,2020/12/21 10:18:00,809.9,809.9,809.9,809.9,9.0
4127,2020/12/21 10:33:00,802.35,802.35,802.35,802.35,21.0
4128,2020/12/21 10:35:00,802.35,802.35,802.35,802.35,5.0
4129,2020/12/21 10:42:00,809.9,809.9,809.9,809.9,15.0
4130,2020/12/21 10:46:00,809.9,809.9,809.9,809.9,2.0
4131,2020/12/21 10:49:00,809.75,809.75,809.75,809.75,2.0
4132,2020/12/21 11:04:00,810.0,811.0,810.0,811.0,288.0
4133,2020/12/21 11:07:00,813.0,813.0,813.0,813.0,10.0
4134,2020/12/21 11:25:00,810.0,810.0,810.0,810.0,50.0
4135,2020/12/21 11:33:00,810.05,810.05,810.05,810.05,3.0
4136,2020/12/21 11:42:00,813.0,813.0,813.0,813.0,20.0
4137,2020/12/21 11:45:00,813.0,813.0,813.0,813.0,10.0
4138,2020/12/21 12:08:00,813.0,813.0,813.0,813.0,162.0
4139,2020/12/21 12:09:00,815.0,815.0,815.0,815.0,320.0
4140,2020/12/21 12:32:00,810.9,810.9,810.9,810.9,1.0
4141,2020/12/21 12:40:00,810.9,810.9,810.9,810.9,3.0
4142,2020/12/21 12:46:00,817.95,817.95,817.95,817.95,3.0
4143,2020/12/21 13:11:00,811.0,811.0,811.0,811.0,50.0
4144,2020/12/21 13:13:00,815.0,815.0,815.0,815.0,1450.0
4145,2020/12/21 13:15:00,811.1,811.1,811.1,811.1,8.0
4146,2020/12/21 13:20:00,816.0,816.0,816.0,816.0,10.0
4147,2020/12/21 13:26:00,815.0,815.0,815.0,815.0,1.0
4148,2020/12/21 13:28:00,811.35,811.35,811.35,811.35,10.0
4149,2020/12/21 13:30:00,815.0,815.0,815.0,815.0,9.0
4150,2020/12/21 13:41:00,812.0,812.0,812.0,812.0,14.0
4151,2020/12/21 13:42:00,812.0,812.0,811.5,811.5,109.0
4152,2020/12/21 13:43:00,811.5,811.5,811.5,811.5,14.0
4153,2020/12/21 13:46:00,811.5,811.5,811.5,811.5,2.0
4154,2020/12/21 13:49:00,811.5,811.5,811.5,811.5,19.0
4155,2020/12/21 13:51:00,810.5,810.5,810.0,810.0,110.0
4156,2020/12/21 13:54:00,810.0,810.0,810.0,810.0,33.0
4157,2020/12/21 13:55:00,810.0,810.0,810.0,810.0,55.0
4158,2020/12/21 13:57:00,810.0,810.0,810.0,810.0,1.0
4159,2020/12/21 14:00:00,805.0,805.0,802.0,802.0,3.0
4160,2020/12/21 14:02:00,802.1,802.1,802.1,802.1,1.0
4161,2020/12/21 14:06:00,805.0,805.0,805.0,805.0,36.0
4162,2020/12/21 14:07:00,802.1,802.1,802.1,802.1,10.0
4163,2020/12/21 14:09:00,802.1,802.1,802.1,802.1,2.0
4164,2020/12/21 14:12:00,808.15,808.15,808.15,808.15,2.0
4165,2020/12/21 14:13:00,802.2,802.2,802.15,802.15,10.0
4166,2020/12/21 14:20:00,802.15,802.15,802.15,802.15,25.0
4167,2020/12/21 14:21:00,802.15,802.15,802.15,802.15,20.0
4168,2020/12/21 14:22:00,802.0,802.0,802.0,802.0,23.0
4169,2020/12/21 14:23:00,802.0,802.0,802.0,802.0,17.0
4170,2020/12/21 14:25:00,800.0,800.0,800.0,800.0,500.0
4171,2020/12/21 14:26:00,795.05,795.05,795.05,795.05,2.0
4172,2020/12/21 14:28:00,795.15,795.15,795.15,795.15,1.0
4173,2020/12/21 14:32:00,795.2,795.2,795.2,795.2,3.0
4174,2020/12/21 14:33:00,795.05,795.05,795.0,795.0,268.0
4175,2020/12/21 14:35:00,795.0,795.0,795.0,795.0,41.0
4176,2020/12/21 14:37:00,795.0,795.0,795.0,795.0,10.0
4177,2020/12/21 14:44:00,796.05,796.05,796.05,796.05,39.0
4178,2020/12/21 14:45:00,797.0,797.0,797.0,797.0,25.0
4179,2020/12/21 14:46:00,796.05,796.05,796.05,796.05,2.0
4180,2020/12/21 14:47:00,796.05,796.05,796.05,796.05,30.0
4181,2020/12/21 14:48:00,796.05,796.05,793.0,793.0,311.0
4182,2020/12/21 14:52:00,793.5,793.5,793.5,793.5,1.0
4183,2020/12/21 14:54:00,793.5,793.5,793.0,793.0,31.0
4184,2020/12/21 14:55:00,793.0,793.0,790.0,790.0,200.0
4185,2020/12/21 14:56:00,790.0,790.0,790.0,790.0,75.0
4186,2020/12/21 14:57:00,790.0,792.0,790.0,792.0,31.0
4187,2020/12/21 14:59:00,792.0,792.0,792.0,792.0,25.0
4188,2020/12/21 15:00:00,790.0,790.0,790.0,790.0,323.0
4189,2020/12/21 15:03:00,790.0,792.0,790.0,792.0,12.0
4190,2020/12/21 15:08:00,790.0,790.0,790.0,790.0,6.0
4191,2020/12/21 15:11:00,790.0,790.0,790.0,790.0,50.0
4192,2020/12/21 15:13:00,790.0,790.0,790.0,790.0,52.0
4193,2020/12/21 15:17:00,781.05,781.05,781.05,781.05,10.0
4194,2020/12/21 15:18:00,781.05,781.05,781.05,781.05,1.0
4195,2020/12/21 15:21:00,781.0,781.0,780.1,780.1,6.0
4196,2020/12/21 15:22:00,779.0,779.0,779.0,779.0,25.0
4197,2020/12/21 15:24:00,779.0,790.0,775.1,775.1,183.0
4198,2020/12/21 15:27:00,770.05,773.1,770.05,773.1,52.0
4199,2020/12/21 15:29:00,790.0,790.0,770.0,770.0,37.0
4200,2020/12/22 09:16:00,748.6,785.0,748.6,778.55,123.0
4201,2020/12/22 09:18:00,780.0,780.0,780.0,780.0,22.0
4202,2020/12/22 09:19:00,780.0,780.0,780.0,780.0,10.0
4203,2020/12/22 09:20:00,780.0,780.0,780.0,780.0,18.0
4204,2020/12/22 09:21:00,780.0,780.0,780.0,780.0,12.0
4205,2020/12/22 09:22:00,760.0,760.0,760.0,760.0,10.0
4206,2020/12/22 09:23:00,760.0,760.0,760.0,760.0,2.0
4207,2020/12/22 09:28:00,761.05,761.05,761.05,761.05,2.0
4208,2020/12/22 09:29:00,765.0,765.0,764.95,764.95,3.0
4209,2020/12/22 09:31:00,777.0,777.0,777.0,777.0,25.0
4210,2020/12/22 09:32:00,779.0,779.0,779.0,779.0,5.0
4211,2020/12/22 09:33:00,765.05,765.05,765.05,765.05,1.0
4212,2020/12/22 09:34:00,760.0,760.0,760.0,760.0,51.0
4213,2020/12/22 09:36:00,765.0,777.0,760.05,761.95,185.0
4214,2020/12/22 09:37:00,762.25,786.3,760.25,760.25,125.0
4215,2020/12/22 09:38:00,770.0,805.0,770.0,800.0,43.0
4216,2020/12/22 09:39:00,802.05,803.0,789.95,792.05,19.0
4217,2020/12/22 09:40:00,785.65,785.65,764.35,764.35,94.0
4218,2020/12/22 09:41:00,760.0,777.95,760.0,777.0,96.0
4219,2020/12/22 09:42:00,777.0,777.0,764.95,777.0,33.0
4220,2020/12/22 09:43:00,774.05,774.05,766.0,771.0,13.0
4221,2020/12/22 09:44:00,767.05,767.05,760.0,760.0,71.0
4222,2020/12/22 09:45:00,760.0,760.0,751.95,751.95,13.0
4223,2020/12/22 09:46:00,751.95,760.0,751.95,760.0,110.0
4224,2020/12/22 09:47:00,760.0,760.0,760.0,760.0,5.0
4225,2020/12/22 09:48:00,750.0,750.0,750.0,750.0,65.0
4226,2020/12/22 09:51:00,750.0,750.0,750.0,750.0,2.0
4227,2020/12/22 09:53:00,767.05,767.05,767.05,767.05,10.0
4228,2020/12/22 09:54:00,767.05,767.05,750.1,750.1,15.0
4229,2020/12/22 09:55:00,750.1,750.1,750.1,750.1,15.0
4230,2020/12/22 10:06:00,770.0,770.0,770.0,770.0,5.0
4231,2020/12/22 10:08:00,760.5,760.5,754.5,754.5,134.0
4232,2020/12/22 10:10:00,754.1,754.5,754.1,754.5,111.0
4233,2020/12/22 10:11:00,770.0,770.0,770.0,770.0,5.0
4234,2020/12/22 10:13:00,760.0,760.0,760.0,760.0,7.0
4235,2020/12/22 10:17:00,754.0,754.0,754.0,754.0,25.0
4236,2020/12/22 10:18:00,760.05,760.05,760.05,760.05,3.0
4237,2020/12/22 10:22:00,760.05,760.05,760.05,760.05,14.0
4238,2020/12/22 10:24:00,760.05,760.05,760.05,760.05,1.0
4239,2020/12/22 10:25:00,760.05,760.05,760.05,760.05,50.0
4240,2020/12/22 10:26:00,760.05,760.05,760.05,760.05,9.0
4241,2020/12/22 10:30:00,754.1,754.1,754.1,754.1,50.0
4242,2020/12/22 10:31:00,766.95,779.5,766.95,779.5,51.0
4243,2020/12/22 10:38:00,763.25,763.25,763.25,763.25,25.0
4244,2020/12/22 10:39:00,778.4,778.4,778.4,778.4,1.0
4245,2020/12/22 10:42:00,755.1,755.1,755.1,755.1,41.0
4246,2020/12/22 10:49:00,755.0,755.0,750.6,750.6,116.0
4247,2020/12/22 10:50:00,755.0,755.0,755.0,755.0,1.0
4248,2020/12/22 10:55:00,755.0,755.0,755.0,755.0,36.0
4249,2020/12/22 11:00:00,755.0,755.0,755.0,755.0,12.0
4250,2020/12/22 11:10:00,755.0,755.0,755.0,755.0,100.0
4251,2020/12/22 11:11:00,755.5,755.5,755.5,755.5,52.0
4252,2020/12/22 11:19:00,765.0,765.0,765.0,765.0,7.0
4253,2020/12/22 11:33:00,757.1,757.1,757.1,757.1,25.0
4254,2020/12/22 11:44:00,769.7,769.7,769.7,769.7,10.0
4255,2020/12/22 11:46:00,769.5,769.5,769.5,769.5,5.0
4256,2020/12/22 12:06:00,769.35,769.35,769.35,769.35,6.0
4257,2020/12/22 12:25:00,766.7,766.7,766.7,766.7,31.0
4258,2020/12/22 12:53:00,765.4,765.4,765.4,765.4,10.0
4259,2020/12/22 13:09:00,765.4,765.4,765.4,765.4,1.0
4260,2020/12/22 13:12:00,765.4,765.4,765.4,765.4,5.0
4261,2020/12/22 13:24:00,766.0,766.0,766.0,766.0,30.0
4262,2020/12/22 13:40:00,762.0,762.0,762.0,762.0,2.0
4263,2020/12/22 13:43:00,762.0,762.0,762.0,762.0,7.0
4264,2020/12/22 13:44:00,762.0,762.0,762.0,762.0,5.0
4265,2020/12/22 13:50:00,762.0,762.0,762.0,762.0,1.0
4266,2020/12/22 13:51:00,760.55,760.55,760.55,760.55,2.0
4267,2020/12/22 13:52:00,762.0,762.0,762.0,762.0,2.0
4268,2020/12/22 13:56:00,762.0,762.0,762.0,762.0,10.0
4269,2020/12/22 14:00:00,762.0,762.0,762.0,762.0,10.0
4270,2020/12/22 14:06:00,762.0,762.0,762.0,762.0,11.0
4271,2020/12/22 14:07:00,762.0,762.0,762.0,762.0,40.0
4272,2020/12/22 14:09:00,765.0,765.0,765.0,765.0,10.0
4273,2020/12/22 14:10:00,765.0,765.0,765.0,765.0,4.0
4274,2020/12/22 14:13:00,765.85,766.0,765.6,765.75,31.0
4275,2020/12/22 14:15:00,760.55,760.55,760.4,760.4,25.0
4276,2020/12/22 14:16:00,767.0,767.0,767.0,767.0,14.0
4277,2020/12/22 14:19:00,770.0,770.0,770.0,770.0,5.0
4278,2020/12/22 14:28:00,766.0,766.0,766.0,766.0,5.0
4279,2020/12/22 14:40:00,777.95,777.95,777.95,777.95,55.0
4280,2020/12/22 14:42:00,777.95,777.95,777.95,777.95,1.0
4281,2020/12/22 14:47:00,778.0,778.0,778.0,778.0,25.0
4282,2020/12/22 14:49:00,777.95,777.95,777.95,777.95,31.0
4283,2020/12/22 15:00:00,776.0,776.0,776.0,776.0,2.0
4284,2020/12/22 15:06:00,776.0,776.0,776.0,776.0,25.0
4285,2020/12/22 15:07:00,776.95,776.95,776.95,776.95,2.0
4286,2020/12/22 15:16:00,776.8,776.8,776.8,776.8,2.0
4287,2020/12/22 15:20:00,770.0,770.0,770.0,770.0,1.0
4288,2020/12/22 15:21:00,773.35,773.35,771.6,771.6,39.0
4289,2020/12/22 15:22:00,770.2,770.2,770.2,770.2,11.0
4290,2020/12/22 15:24:00,776.95,776.95,776.95,776.95,1.0
4291,2020/12/22 15:26:00,776.95,776.95,776.95,776.95,5.0
4292,2020/12/22 15:27:00,776.0,776.0,776.0,776.0,95.0
4293,2020/12/23 09:22:00,789.95,789.95,789.95,789.95,1.0
4294,2020/12/23 09:23:00,789.95,790.0,789.95,790.0,5.0
4295,2020/12/23 09:24:00,789.95,789.95,789.95,789.95,2.0
4296,2020/12/23 09:26:00,775.0,775.0,775.0,775.0,15.0
4297,2020/12/23 09:27:00,775.0,775.0,775.0,775.0,25.0
4298,2020/12/23 09:30:00,789.45,789.45,789.45,789.45,1.0
4299,2020/12/23 09:37:00,788.8,788.8,788.8,788.8,10.0
4300,2020/12/23 09:40:00,777.0,777.0,777.0,777.0,19.0
4301,2020/12/23 09:49:00,792.85,792.85,792.85,792.85,50.0
4302,2020/12/23 09:53:00,780.15,780.15,780.15,780.15,9.0
4303,2020/12/23 10:14:00,785.0,785.0,785.0,785.0,12.0
4304,2020/12/23 10:15:00,785.0,785.0,785.0,785.0,3.0
4305,2020/12/23 10:27:00,785.0,785.0,785.0,785.0,2.0
4306,2020/12/23 10:33:00,792.85,792.85,792.85,792.85,1.0
4307,2020/12/23 10:50:00,790.0,790.0,790.0,790.0,9.0
4308,2020/12/23 11:06:00,792.85,792.85,792.85,792.85,85.0
4309,2020/12/23 11:09:00,795.95,795.95,795.95,795.95,6.0
4310,2020/12/23 11:10:00,801.05,801.05,792.85,799.95,243.0
4311,2020/12/23 11:12:00,800.0,800.0,800.0,800.0,20.0
4312,2020/12/23 11:16:00,793.6,793.6,793.6,793.6,5.0
4313,2020/12/23 11:20:00,792.95,792.95,788.3,788.3,11.0
4314,2020/12/23 11:34:00,785.25,793.6,785.25,793.6,3.0
4315,2020/12/23 11:36:00,785.75,785.75,785.75,785.75,1.0
4316,2020/12/23 12:04:00,785.5,785.5,785.5,785.5,5.0
4317,2020/12/23 12:07:00,785.55,785.55,785.55,785.55,60.0
4318,2020/12/23 12:19:00,787.95,791.55,787.55,788.15,11.0
4319,2020/12/23 12:20:00,791.05,792.0,788.0,788.0,4.0
4320,2020/12/23 12:39:00,785.65,785.65,785.65,785.65,3.0
4321,2020/12/23 13:00:00,793.55,793.55,793.55,793.55,4.0
4322,2020/12/23 13:21:00,786.0,786.0,786.0,786.0,25.0
4323,2020/12/23 13:37:00,786.2,786.2,786.2,786.2,13.0
4324,2020/12/23 13:56:00,786.25,786.25,786.25,786.25,4.0
4325,2020/12/23 14:39:00,788.25,788.25,788.25,788.25,28.0
4326,2020/12/23 14:44:00,788.0,788.0,788.0,788.0,3.0
4327,2020/12/23 15:10:00,788.0,788.0,788.0,788.0,37.0
4328,2020/12/23 15:11:00,786.5,786.5,786.5,786.5,13.0
4329,2020/12/23 15:12:00,786.5,786.5,786.5,786.5,15.0
4330,2020/12/23 15:21:00,792.8,792.8,792.8,792.8,2.0
4331,2020/12/23 15:27:00,786.55,786.55,786.55,786.55,1.0
4332,2020/12/23 15:28:00,786.5,786.5,786.5,786.5,16.0
4333,2020/12/23 15:29:00,793.65,793.65,786.5,786.5,4.0
4334,2020/12/24 09:07:00,800.0,800.0,800.0,800.0,200.0
4335,2020/12/24 09:20:00,790.0,790.0,790.0,790.0,50.0
4336,2020/12/24 09:21:00,812.95,812.95,812.95,812.95,4.0
4337,2020/12/24 09:22:00,812.7,812.7,812.7,812.7,1.0
4338,2020/12/24 09:24:00,805.0,805.0,805.0,805.0,1.0
4339,2020/12/24 09:25:00,805.0,805.0,805.0,805.0,2.0
4340,2020/12/24 09:26:00,795.25,795.25,795.25,795.25,10.0
4341,2020/12/24 09:31:00,806.6,806.6,806.6,806.6,5.0
4342,2020/12/24 09:34:00,800.05,800.05,800.05,800.05,2.0
4343,2020/12/24 09:35:00,800.05,808.05,800.05,808.05,5.0
4344,2020/12/24 09:38:00,809.95,809.95,809.95,809.95,10.0
4345,2020/12/24 09:41:00,809.95,809.95,809.95,809.95,10.0
4346,2020/12/24 09:55:00,809.9,812.8,809.9,812.8,79.0
4347,2020/12/24 09:56:00,812.8,812.8,812.8,812.8,57.0
4348,2020/12/24 09:57:00,812.8,812.8,812.8,812.8,67.0
4349,2020/12/24 09:58:00,811.75,812.05,811.75,812.0,62.0
4350,2020/12/24 09:59:00,803.8,803.8,803.8,803.8,40.0
4351,2020/12/24 10:00:00,813.0,813.0,813.0,813.0,35.0
4352,2020/12/24 10:01:00,815.0,815.0,815.0,815.0,20.0
4353,2020/12/24 10:08:00,805.05,805.05,805.05,805.05,1.0
4354,2020/12/24 10:14:00,811.95,811.95,811.95,811.95,1.0
4355,2020/12/24 10:17:00,811.95,811.95,811.95,811.95,25.0
4356,2020/12/24 10:22:00,806.45,806.45,806.45,806.45,1.0
4357,2020/12/24 10:24:00,807.05,807.05,807.05,807.05,14.0
4358,2020/12/24 10:29:00,811.95,812.5,811.95,812.5,88.0
4359,2020/12/24 10:30:00,810.6,810.6,810.6,810.6,4.0
4360,2020/12/24 10:34:00,808.9,809.0,808.9,809.0,106.0
4361,2020/12/24 10:35:00,809.0,809.0,807.0,807.0,70.0
4362,2020/12/24 10:39:00,808.8,808.8,808.8,808.8,2.0
4363,2020/12/24 10:41:00,804.0,804.0,804.0,804.0,40.0
4364,2020/12/24 10:44:00,804.0,804.0,804.0,804.0,16.0
4365,2020/12/24 10:59:00,795.15,795.15,795.15,795.15,83.0
4366,2020/12/24 11:04:00,800.0,800.0,800.0,800.0,7.0
4367,2020/12/24 11:07:00,800.0,800.0,800.0,800.0,42.0
4368,2020/12/24 11:18:00,800.0,800.0,800.0,800.0,6.0
4369,2020/12/24 11:27:00,795.1,795.1,795.1,795.1,8.0
4370,2020/12/24 11:34:00,795.25,795.25,795.25,795.25,2.0
4371,2020/12/24 11:36:00,795.0,795.0,795.0,795.0,16.0
4372,2020/12/24 11:45:00,795.0,795.0,795.0,795.0,84.0
4373,2020/12/24 11:48:00,791.15,791.15,791.15,791.15,120.0
4374,2020/12/24 11:50:00,790.0,790.0,790.0,790.0,16.0
4375,2020/12/24 11:53:00,794.9,794.9,794.9,794.9,1.0
4376,2020/12/24 11:56:00,794.95,794.95,794.95,794.95,12.0
4377,2020/12/24 12:15:00,790.2,790.2,790.2,790.2,32.0
4378,2020/12/24 12:53:00,791.0,791.0,791.0,791.0,5.0
4379,2020/12/24 13:03:00,791.05,791.05,791.05,791.05,1.0
4380,2020/12/24 13:19:00,791.0,794.8,791.0,794.8,3.0
4381,2020/12/24 13:22:00,794.9,794.9,794.9,794.9,3.0
4382,2020/12/24 13:23:00,795.05,795.05,795.05,795.05,1.0
4383,2020/12/24 13:35:00,791.1,791.1,791.0,791.0,24.0
4384,2020/12/24 13:49:00,791.0,791.0,791.0,791.0,11.0
4385,2020/12/24 13:50:00,791.0,791.0,791.0,791.0,10.0
4386,2020/12/24 13:54:00,791.0,791.0,791.0,791.0,117.0
4387,2020/12/24 13:55:00,791.1,791.1,791.1,791.1,1.0
4388,2020/12/24 14:06:00,796.95,796.95,796.95,796.95,1.0
4389,2020/12/24 14:10:00,791.05,791.05,791.05,791.05,10.0
4390,2020/12/24 14:13:00,791.05,791.05,791.05,791.05,26.0
4391,2020/12/24 14:28:00,791.25,791.25,791.25,791.25,7.0
4392,2020/12/24 14:38:00,792.0,792.0,792.0,792.0,23.0
4393,2020/12/24 14:53:00,791.6,791.6,791.6,791.6,5.0
4394,2020/12/24 15:04:00,792.05,792.05,792.05,792.05,2.0
4395,2020/12/24 15:05:00,792.05,792.05,792.05,792.05,31.0
4396,2020/12/24 15:16:00,792.05,792.05,792.05,792.05,1.0
4397,2020/12/24 15:17:00,792.2,792.2,792.2,792.2,2.0
4398,2020/12/24 15:18:00,798.6,798.6,798.6,798.6,2.0
4399,2020/12/24 15:21:00,793.5,793.5,793.5,793.5,12.0
4400,2020/12/24 15:22:00,792.2,792.2,792.0,792.0,40.0
4401,2020/12/24 15:27:00,791.6,791.6,791.6,791.6,3.0
4402,2020/12/24 15:28:00,791.0,798.0,790.0,798.0,25.0
4403,2020/12/28 09:20:00,795.2,800.0,794.75,800.0,29.0
4404,2020/12/28 09:22:00,810.0,810.0,798.0,810.0,129.0
4405,2020/12/28 09:23:00,804.05,804.05,798.0,798.0,21.0
4406,2020/12/28 09:24:00,809.9,809.9,809.9,809.9,107.0
4407,2020/12/28 09:25:00,806.95,806.95,797.0,797.0,82.0
4408,2020/12/28 09:27:00,797.0,797.0,797.0,797.0,14.0
4409,2020/12/28 09:34:00,805.0,805.0,805.0,805.0,30.0
4410,2020/12/28 09:36:00,798.05,798.05,798.05,798.05,7.0
4411,2020/12/28 09:43:00,804.95,804.95,804.95,804.95,6.0
4412,2020/12/28 09:44:00,805.0,805.0,805.0,805.0,5.0
4413,2020/12/28 09:58:00,804.95,804.95,804.95,804.95,21.0
4414,2020/12/28 10:01:00,810.0,810.0,810.0,810.0,100.0
4415,2020/12/28 10:06:00,805.5,807.7,805.5,807.7,124.0
4416,2020/12/28 10:07:00,805.5,805.5,800.25,800.25,109.0
4417,2020/12/28 10:08:00,809.2,809.2,809.2,809.2,9.0
4418,2020/12/28 10:09:00,809.2,809.2,809.2,809.2,1.0
4419,2020/12/28 10:11:00,808.95,808.95,808.95,808.95,15.0
4420,2020/12/28 10:25:00,809.0,809.0,809.0,809.0,25.0
4421,2020/12/28 10:28:00,809.0,809.0,809.0,809.0,40.0
4422,2020/12/28 10:53:00,805.0,805.0,805.0,805.0,2.0
4423,2020/12/28 10:55:00,801.0,801.0,801.0,801.0,23.0
4424,2020/12/28 10:56:00,807.0,807.0,803.95,803.95,28.0
4425,2020/12/28 10:57:00,806.55,806.55,802.95,806.5,20.0
4426,2020/12/28 11:02:00,801.4,801.4,801.4,801.4,2.0
4427,2020/12/28 11:04:00,798.0,798.0,798.0,798.0,50.0
4428,2020/12/28 11:05:00,800.0,800.0,800.0,800.0,2.0
4429,2020/12/28 11:06:00,809.65,809.65,809.65,809.65,3.0
4430,2020/12/28 11:12:00,798.0,798.0,798.0,798.0,36.0
4431,2020/12/28 11:18:00,807.45,807.45,807.45,807.45,2.0
4432,2020/12/28 11:24:00,809.4,809.4,809.4,809.4,50.0
4433,2020/12/28 11:28:00,809.35,809.35,809.35,809.35,6.0
4434,2020/12/28 11:30:00,809.0,809.0,809.0,809.0,3.0
4435,2020/12/28 11:31:00,799.15,799.15,799.15,799.15,50.0
4436,2020/12/28 11:44:00,808.8,808.8,808.8,808.8,15.0
4437,2020/12/28 11:45:00,799.25,799.25,799.25,799.25,4.0
4438,2020/12/28 11:49:00,799.5,799.5,799.5,799.5,10.0
4439,2020/12/28 11:52:00,800.05,800.05,800.05,800.05,100.0
4440,2020/12/28 11:58:00,807.8,807.8,807.8,807.8,25.0
4441,2020/12/28 11:59:00,807.8,807.8,807.8,807.8,50.0
4442,2020/12/28 12:01:00,800.15,800.15,800.15,800.15,6.0
4443,2020/12/28 12:04:00,800.15,800.15,800.15,800.15,6.0
4444,2020/12/28 12:08:00,806.9,806.9,806.9,806.9,6.0
4445,2020/12/28 12:13:00,799.55,799.55,799.55,799.55,5.0
4446,2020/12/28 12:16:00,799.55,799.55,799.55,799.55,1.0
4447,2020/12/28 12:26:00,799.55,799.55,799.55,799.55,2.0
4448,2020/12/28 12:27:00,802.95,802.95,802.95,802.95,5.0
4449,2020/12/28 12:32:00,799.55,799.55,799.55,799.55,12.0
4450,2020/12/28 12:40:00,799.0,799.0,799.0,799.0,12.0
4451,2020/12/28 12:43:00,799.0,799.0,799.0,799.0,10.0
4452,2020/12/28 12:48:00,799.0,799.0,799.0,799.0,10.0
4453,2020/12/28 12:55:00,802.95,802.95,802.95,802.95,1.0
4454,2020/12/28 13:08:00,799.0,799.0,799.0,799.0,12.0
4455,2020/12/28 13:09:00,799.0,799.0,799.0,799.0,20.0
4456,2020/12/28 13:10:00,803.0,803.0,803.0,803.0,23.0
4457,2020/12/28 13:16:00,803.0,803.0,803.0,803.0,10.0
4458,2020/12/28 13:33:00,799.0,799.0,799.0,799.0,31.0
4459,2020/12/28 14:36:00,798.0,798.05,798.0,798.0,57.0
4460,2020/12/28 15:07:00,798.0,798.0,798.0,798.0,3.0
4461,2020/12/28 15:12:00,798.0,798.0,798.0,798.0,20.0
4462,2020/12/28 15:14:00,798.0,798.0,798.0,798.0,25.0
4463,2020/12/28 15:16:00,795.0,795.0,795.0,795.0,12.0
4464,2020/12/28 15:21:00,797.0,797.0,797.0,797.0,5.0
4465,2020/12/28 15:22:00,797.0,797.0,797.0,797.0,1.0
4466,2020/12/28 15:24:00,797.0,797.0,797.0,797.0,2.0
4467,2020/12/28 15:28:00,795.0,795.0,795.0,795.0,28.0
4468,2020/12/28 15:29:00,807.8,807.8,807.8,807.8,30.0
4469,2020/12/29 09:07:00,807.8,807.8,807.8,807.8,30.0
4470,2020/12/29 09:15:00,807.8,849.3,806.95,849.3,130.0
4471,2020/12/29 09:16:00,801.0,801.0,801.0,801.0,1.0
4472,2020/12/29 09:17:00,801.0,801.0,801.0,801.0,2.0
4473,2020/12/29 09:18:00,846.0,846.0,846.0,846.0,90.0
4474,2020/12/29 09:19:00,839.95,839.95,802.0,802.0,101.0
4475,2020/12/29 09:45:00,801.5,801.5,801.5,801.5,100.0
4476,2020/12/29 09:47:00,809.65,809.65,809.65,809.65,40.0
4477,2020/12/29 09:52:00,801.0,801.0,800.0,800.9,67.0
4478,2020/12/29 09:55:00,800.0,800.0,799.95,799.95,76.0
4479,2020/12/29 09:56:00,799.95,799.95,799.95,799.95,2.0
4480,2020/12/29 09:59:00,795.05,795.05,795.05,795.05,15.0
4481,2020/12/29 10:05:00,795.05,795.05,795.05,795.05,49.0
4482,2020/12/29 10:13:00,799.75,799.8,799.6,799.6,11.0
4483,2020/12/29 10:20:00,800.0,800.0,800.0,800.0,45.0
4484,2020/12/29 10:23:00,799.0,799.95,799.0,799.95,6.0
4485,2020/12/29 10:32:00,795.5,795.5,795.5,795.5,80.0
4486,2020/12/29 10:35:00,795.0,795.0,795.0,795.0,72.0
4487,2020/12/29 10:40:00,795.0,795.0,795.0,795.0,8.0
4488,2020/12/29 10:43:00,795.0,795.0,793.0,793.0,29.0
4489,2020/12/29 10:44:00,795.0,795.0,795.0,795.0,5.0
4490,2020/12/29 10:48:00,795.0,795.0,795.0,795.0,2.0
4491,2020/12/29 10:52:00,793.0,793.0,793.0,793.0,10.0
4492,2020/12/29 10:59:00,793.0,793.0,793.0,793.0,32.0
4493,2020/12/29 11:00:00,790.65,793.0,790.65,793.0,2.0
4494,2020/12/29 11:13:00,793.0,793.0,793.0,793.0,17.0
4495,2020/12/29 11:15:00,793.0,793.0,793.0,793.0,30.0
4496,2020/12/29 11:22:00,796.0,796.0,796.0,796.0,2.0
4497,2020/12/29 11:28:00,795.0,795.0,790.0,790.7,263.0
4498,2020/12/29 11:34:00,794.9,794.95,794.9,794.95,59.0
4499,2020/12/29 11:37:00,790.75,790.75,790.75,790.75,2.0
4500,2020/12/29 11:46:00,793.9,793.9,793.9,793.9,3.0
4501,2020/12/29 12:00:00,790.0,790.0,790.0,790.0,25.0
4502,2020/12/29 12:08:00,793.85,793.85,793.85,793.85,4.0
4503,2020/12/29 12:23:00,794.0,794.0,794.0,794.0,30.0
4504,2020/12/29 12:34:00,797.95,797.95,797.95,797.95,1.0
4505,2020/12/29 12:48:00,797.0,797.0,797.0,797.0,11.0
4506,2020/12/29 13:10:00,796.95,796.95,796.95,796.95,2.0
4507,2020/12/29 13:12:00,790.0,790.0,790.0,790.0,21.0
4508,2020/12/29 13:27:00,791.05,791.05,791.05,791.05,10.0
4509,2020/12/29 13:31:00,791.0,791.0,791.0,791.0,15.0
4510,2020/12/29 13:37:00,796.95,796.95,796.95,796.95,17.0
4511,2020/12/29 13:55:00,791.0,791.0,791.0,791.0,15.0
4512,2020/12/29 13:56:00,794.95,794.95,794.95,794.95,1.0
4513,2020/12/29 14:11:00,794.95,794.95,794.95,794.95,1.0
4514,2020/12/29 14:30:00,791.0,791.0,791.0,791.0,3.0
4515,2020/12/29 14:34:00,791.0,791.0,791.0,791.0,25.0
4516,2020/12/29 14:38:00,795.0,795.0,795.0,795.0,1.0
4517,2020/12/29 14:40:00,790.0,790.0,790.0,790.0,10.0
4518,2020/12/29 14:46:00,792.0,792.0,792.0,792.0,15.0
4519,2020/12/29 14:50:00,790.0,790.0,790.0,790.0,15.0
4520,2020/12/29 14:54:00,790.55,790.55,790.55,790.55,15.0
4521,2020/12/29 14:55:00,795.0,795.0,795.0,795.0,25.0
4522,2020/12/29 15:08:00,786.3,786.3,786.3,786.3,89.0
4523,2020/12/29 15:12:00,794.95,794.95,794.95,794.95,10.0
4524,2020/12/29 15:17:00,786.35,790.0,786.35,789.9,23.0
4525,2020/12/29 15:25:00,790.6,790.6,790.6,790.6,5.0
4526,2020/12/29 15:29:00,790.6,790.65,790.6,790.65,137.0
4527,2020/12/30 09:24:00,790.0,790.55,790.0,790.0,52.0
4528,2020/12/30 09:25:00,790.0,790.0,789.95,790.0,10.0
4529,2020/12/30 09:30:00,789.95,789.95,789.95,789.95,1.0
4530,2020/12/30 09:31:00,780.05,780.05,780.05,780.05,10.0
4531,2020/12/30 09:32:00,784.55,784.55,784.55,784.55,3.0
4532,2020/12/30 09:34:00,790.0,790.0,785.5,785.5,51.0
4533,2020/12/30 09:35:00,799.0,799.0,799.0,799.0,89.0
4534,2020/12/30 09:36:00,794.6,794.6,794.6,794.6,39.0
4535,2020/12/30 09:47:00,793.0,793.0,786.05,786.05,18.0
4536,2020/12/30 09:48:00,786.0,786.0,786.0,786.0,44.0
4537,2020/12/30 09:54:00,804.95,804.95,804.95,804.95,10.0
4538,2020/12/30 09:58:00,799.9,799.9,799.9,799.9,1.0
4539,2020/12/30 10:05:00,796.05,796.05,790.95,796.05,13.0
4540,2020/12/30 10:06:00,791.45,797.05,791.45,797.05,13.0
4541,2020/12/30 10:07:00,793.0,799.9,793.0,799.9,6.0
4542,2020/12/30 10:12:00,799.9,799.9,799.9,799.9,1.0
4543,2020/12/30 10:14:00,796.05,796.05,790.95,796.05,10.0
4544,2020/12/30 10:15:00,790.95,799.9,790.95,799.9,12.0
4545,2020/12/30 10:16:00,792.5,792.5,792.5,792.5,126.0
4546,2020/12/30 10:31:00,799.6,799.6,799.6,799.6,34.0
4547,2020/12/30 11:09:00,799.6,799.6,799.6,799.6,15.0
4548,2020/12/30 11:12:00,799.6,799.6,799.6,799.6,4.0
4549,2020/12/30 11:17:00,799.6,799.6,799.6,799.6,1.0
4550,2020/12/30 11:30:00,800.0,800.0,800.0,800.0,203.0
4551,2020/12/30 12:04:00,800.0,800.0,800.0,800.0,214.0
4552,2020/12/30 12:24:00,800.95,800.95,800.95,800.95,1.0
4553,2020/12/30 12:27:00,795.0,795.0,795.0,795.0,44.0
4554,2020/12/30 12:35:00,799.95,799.95,799.95,799.95,10.0
4555,2020/12/30 13:13:00,799.0,799.0,799.0,799.0,30.0
4556,2020/12/30 13:31:00,790.0,790.0,790.0,790.0,172.0
4557,2020/12/30 13:39:00,798.0,798.0,798.0,798.0,1.0
4558,2020/12/30 14:05:00,798.0,798.0,798.0,798.0,1.0
4559,2020/12/30 14:08:00,800.0,800.0,800.0,800.0,149.0
4560,2020/12/30 14:09:00,800.0,800.1,800.0,800.0,262.0
4561,2020/12/30 14:31:00,799.7,799.7,799.7,799.7,20.0
4562,2020/12/30 14:35:00,799.55,799.55,799.55,799.55,2.0
4563,2020/12/30 14:39:00,795.05,795.05,795.05,795.05,1.0
4564,2020/12/30 14:52:00,799.75,799.75,799.75,799.75,10.0
4565,2020/12/30 14:53:00,795.0,795.0,795.0,795.0,30.0
4566,2020/12/30 15:03:00,795.1,795.1,795.1,795.1,21.0
4567,2020/12/30 15:06:00,799.75,799.75,799.75,799.75,6.0
4568,2020/12/30 15:13:00,799.95,799.95,799.75,799.75,45.0
4569,2020/12/30 15:26:00,795.0,795.0,795.0,795.0,11.0
4570,2020/12/30 15:29:00,800.0,800.0,795.0,795.0,84.0
4571,2020/12/31 09:07:00,798.95,798.95,798.95,798.95,12.0
4572,2020/12/31 09:17:00,799.0,799.0,798.95,798.95,10.0
4573,2020/12/31 09:23:00,798.95,800.0,798.95,798.95,17.0
4574,2020/12/31 09:32:00,798.95,798.95,798.95,798.95,5.0
4575,2020/12/31 09:34:00,798.95,798.95,798.95,798.95,1.0
4576,2020/12/31 09:36:00,798.95,798.95,798.95,798.95,10.0
4577,2020/12/31 09:49:00,804.95,804.95,804.95,804.95,30.0
4578,2020/12/31 09:51:00,798.95,798.95,798.95,798.95,35.0
4579,2020/12/31 09:57:00,798.95,798.95,798.95,798.95,2.0
4580,2020/12/31 10:20:00,798.95,798.95,798.95,798.95,10.0
4581,2020/12/31 10:26:00,798.95,798.95,798.95,798.95,14.0
4582,2020/12/31 10:31:00,798.95,798.95,798.95,798.95,27.0
4583,2020/12/31 10:33:00,807.5,807.5,798.9,807.45,56.0
4584,2020/12/31 10:38:00,807.35,807.4,807.35,807.4,66.0
4585,2020/12/31 10:39:00,807.5,807.5,807.5,807.5,36.0
4586,2020/12/31 10:41:00,808.0,808.0,808.0,808.0,68.0
4587,2020/12/31 10:42:00,808.0,808.0,808.0,808.0,46.0
4588,2020/12/31 10:43:00,805.05,805.05,805.05,805.05,1.0
4589,2020/12/31 10:44:00,805.05,805.05,805.05,805.05,1.0
4590,2020/12/31 10:45:00,808.0,808.0,805.0,805.0,32.0
4591,2020/12/31 10:57:00,800.15,800.15,800.15,800.15,26.0
4592,2020/12/31 11:07:00,801.05,801.05,801.05,801.05,5.0
4593,2020/12/31 11:09:00,801.05,801.05,801.05,801.05,3.0
4594,2020/12/31 11:13:00,801.05,801.05,801.05,801.05,20.0
4595,2020/12/31 11:14:00,800.15,804.95,800.15,804.95,11.0
4596,2020/12/31 11:17:00,800.15,800.15,800.15,800.15,17.0
4597,2020/12/31 11:18:00,800.0,800.0,800.0,800.0,10.0
4598,2020/12/31 11:26:00,806.75,806.75,806.75,806.75,50.0
4599,2020/12/31 11:33:00,806.7,806.7,806.7,806.7,50.0
4600,2020/12/31 11:36:00,806.75,806.75,806.75,806.75,50.0
4601,2020/12/31 11:40:00,801.1,801.1,801.1,801.1,1.0
4602,2020/12/31 11:46:00,808.0,808.0,808.0,808.0,28.0
4603,2020/12/31 11:47:00,808.0,808.0,808.0,808.0,12.0
4604,2020/12/31 12:13:00,803.05,803.05,803.05,803.05,5.0
4605,2020/12/31 12:14:00,803.1,803.1,803.1,803.1,5.0
4606,2020/12/31 12:20:00,803.05,803.05,803.05,803.05,10.0
4607,2020/12/31 12:21:00,803.05,803.05,803.05,803.05,1.0
4608,2020/12/31 12:39:00,808.0,808.0,808.0,808.0,32.0
4609,2020/12/31 12:40:00,808.2,808.2,808.2,808.2,31.0
4610,2020/12/31 12:41:00,808.2,808.2,808.2,808.2,51.0
4611,2020/12/31 12:49:00,803.2,803.2,803.2,803.2,10.0
4612,2020/12/31 13:12:00,805.5,808.0,805.5,808.0,12.0
4613,2020/12/31 13:23:00,804.05,804.05,804.05,804.05,1.0
4614,2020/12/31 13:25:00,804.1,804.1,804.1,804.1,1.0
4615,2020/12/31 13:26:00,804.4,804.4,804.4,804.4,1.0
4616,2020/12/31 13:27:00,804.45,804.45,804.45,804.45,1.0
4617,2020/12/31 13:30:00,804.85,804.85,804.85,804.85,1.0
4618,2020/12/31 13:35:00,804.85,804.85,804.85,804.85,4.0
4619,2020/12/31 13:40:00,808.0,808.0,808.0,808.0,15.0
4620,2020/12/31 13:54:00,805.05,805.05,805.05,805.05,10.0
4621,2020/12/31 13:56:00,805.05,805.05,805.05,805.05,9.0
4622,2020/12/31 14:00:00,805.0,805.0,803.1,803.1,25.0
4623,2020/12/31 14:01:00,803.1,803.1,803.1,803.1,1.0
4624,2020/12/31 14:04:00,804.95,804.95,804.95,804.95,2.0
4625,2020/12/31 14:05:00,800.15,800.15,800.15,800.15,44.0
4626,2020/12/31 14:11:00,802.25,803.5,802.25,803.5,35.0
4627,2020/12/31 14:12:00,803.45,803.45,803.45,803.45,7.0
4628,2020/12/31 14:36:00,800.3,800.3,800.3,800.3,1.0
4629,2020/12/31 14:37:00,807.95,807.95,807.95,807.95,23.0
4630,2020/12/31 14:38:00,800.55,800.55,800.55,800.55,10.0
4631,2020/12/31 14:44:00,801.05,801.05,801.05,801.05,1.0
4632,2020/12/31 14:46:00,803.0,807.5,803.0,807.5,12.0
4633,2020/12/31 14:48:00,801.1,801.1,801.1,801.1,1.0
4634,2020/12/31 14:50:00,807.5,807.5,807.5,807.5,20.0
4635,2020/12/31 14:59:00,807.5,807.5,807.5,807.5,10.0
4636,2020/12/31 15:02:00,802.85,802.85,802.85,802.85,1.0
4637,2020/12/31 15:03:00,805.05,805.05,805.05,805.05,5.0
4638,2020/12/31 15:11:00,810.0,810.0,810.0,810.0,189.0
4639,2020/12/31 15:12:00,808.0,808.0,808.0,808.0,12.0
4640,2020/12/31 15:17:00,810.0,810.0,808.1,808.1,19.0
4641,2020/12/31 15:18:00,808.1,808.1,808.1,808.1,2.0
4642,2020/12/31 15:21:00,808.1,808.1,808.1,808.1,20.0
4643,2020/12/31 15:22:00,805.1,805.1,805.1,805.1,12.0
4644,2020/12/31 15:23:00,809.0,809.0,809.0,809.0,1.0
4645,2020/12/31 15:26:00,805.1,805.1,805.1,805.1,1.0
4646,2020/12/31 15:27:00,805.1,805.1,805.1,805.1,1.0
4647,2020/12/31 15:28:00,809.0,809.0,809.0,809.0,8.0
4648,2020/12/31 15:29:00,801.0,801.0,801.0,801.0,20.0
4649,2021/01/01 09:07:00,790.05,790.05,790.05,790.05,4.0
4650,2021/01/01 09:15:00,788.05,824.95,788.05,824.95,223.0
4651,2021/01/01 09:16:00,819.85,819.85,819.85,819.85,13.0
4652,2021/01/01 09:19:00,795.55,795.55,795.55,795.55,1.0
4653,2021/01/01 09:22:00,806.05,806.05,806.05,806.05,2.0
4654,2021/01/01 09:24:00,805.0,805.0,805.0,805.0,2.0
4655,2021/01/01 09:28:00,804.85,804.85,804.85,804.85,1.0
4656,2021/01/01 09:30:00,795.55,795.55,795.55,795.55,4.0
4657,2021/01/01 09:31:00,800.0,800.0,799.05,799.05,13.0
4658,2021/01/01 09:32:00,799.0,799.0,797.0,797.0,5.0
4659,2021/01/01 09:33:00,797.0,797.0,797.0,797.0,4.0
4660,2021/01/01 09:39:00,797.0,797.0,797.0,797.0,60.0
4661,2021/01/01 09:44:00,796.95,797.0,796.0,797.0,4.0
4662,2021/01/01 09:45:00,797.0,797.0,797.0,797.0,1.0
4663,2021/01/01 09:47:00,797.0,797.0,797.0,797.0,4.0
4664,2021/01/01 09:49:00,797.0,797.0,795.55,795.55,54.0
4665,2021/01/01 10:00:00,804.8,804.8,799.95,799.95,7.0
4666,2021/01/01 10:03:00,805.35,805.4,805.35,805.4,49.0
4667,2021/01/01 10:08:00,807.05,807.05,807.05,807.05,1.0
4668,2021/01/01 10:38:00,807.05,807.05,807.05,807.05,9.0
4669,2021/01/01 10:49:00,811.0,811.0,811.0,811.0,10.0
4670,2021/01/01 10:50:00,800.0,800.0,800.0,800.0,50.0
4671,2021/01/01 10:51:00,800.05,800.05,800.05,800.05,1.0
4672,2021/01/01 10:54:00,811.0,811.0,811.0,811.0,44.0
4673,2021/01/01 10:57:00,800.8,800.8,800.8,800.8,2.0
4674,2021/01/01 10:59:00,811.0,811.0,811.0,811.0,10.0
4675,2021/01/01 11:17:00,802.7,802.7,802.7,802.7,2.0
4676,2021/01/01 11:27:00,808.05,808.05,808.05,808.05,9.0
4677,2021/01/01 11:28:00,805.5,808.05,804.95,804.95,41.0
4678,2021/01/01 11:29:00,803.2,803.2,803.2,803.2,2.0
4679,2021/01/01 11:40:00,811.0,811.0,811.0,811.0,59.0
4680,2021/01/01 11:44:00,803.3,810.95,800.15,800.2,165.0
4681,2021/01/01 12:00:00,802.45,806.45,802.45,802.45,9.0
4682,2021/01/01 12:01:00,808.55,808.55,808.55,808.55,3.0
4683,2021/01/01 12:02:00,803.95,808.05,803.95,808.05,12.0
4684,2021/01/01 12:03:00,804.0,808.05,803.95,803.95,11.0
4685,2021/01/01 12:04:00,808.0,808.05,803.95,803.95,8.0
4686,2021/01/01 12:05:00,809.05,809.05,805.0,807.0,20.0
4687,2021/01/01 12:06:00,806.45,810.95,805.55,810.9,15.0
4688,2021/01/01 12:07:00,810.95,810.95,805.95,809.55,16.0
4689,2021/01/01 12:08:00,805.95,809.05,805.95,805.95,6.0
4690,2021/01/01 12:09:00,809.55,809.55,805.95,805.95,12.0
4691,2021/01/01 12:10:00,809.5,809.55,805.95,809.55,11.0
4692,2021/01/01 12:18:00,805.0,805.0,805.0,805.0,25.0
4693,2021/01/01 12:20:00,809.55,809.55,809.55,809.55,39.0
4694,2021/01/01 12:23:00,805.05,805.05,805.05,805.05,50.0
4695,2021/01/01 13:10:00,809.2,809.2,809.2,809.2,45.0
4696,2021/01/01 13:16:00,805.0,805.0,805.0,805.0,10.0
4697,2021/01/01 13:30:00,809.45,809.45,809.45,809.45,30.0
4698,2021/01/01 13:35:00,809.55,809.55,809.55,809.55,50.0
4699,2021/01/01 13:50:00,805.0,805.0,805.0,805.0,20.0
4700,2021/01/01 13:51:00,809.5,809.5,805.05,805.05,26.0
4701,2021/01/01 13:52:00,805.0,805.0,805.0,805.0,19.0
4702,2021/01/01 13:54:00,802.0,802.0,802.0,802.0,10.0
4703,2021/01/01 14:16:00,800.7,800.7,800.7,800.7,7.0
4704,2021/01/01 14:28:00,804.0,804.0,804.0,804.0,5.0
4705,2021/01/01 14:33:00,804.0,804.0,804.0,804.0,5.0
4706,2021/01/01 14:37:00,800.7,800.7,800.7,800.7,12.0
4707,2021/01/01 15:09:00,800.95,800.95,800.95,800.95,1.0
4708,2021/01/01 15:10:00,803.95,804.0,803.95,804.0,10.0
4709,2021/01/01 15:12:00,800.9,800.9,800.9,800.9,5.0
4710,2021/01/01 15:28:00,804.0,804.0,804.0,804.0,1.0
4711,2021/01/01 15:29:00,803.5,803.5,803.5,803.5,1.0
4712,2021/01/04 09:16:00,806.0,806.0,803.95,806.0,10.0
4713,2021/01/04 09:19:00,809.6,809.6,809.6,809.6,5.0
4714,2021/01/04 09:22:00,795.0,800.0,795.0,800.0,2.0
4715,2021/01/04 09:23:00,795.2,795.2,794.9,795.2,24.0
4716,2021/01/04 09:24:00,810.0,810.0,810.0,810.0,1.0
4717,2021/01/04 09:25:00,809.9,809.9,809.9,809.9,6.0
4718,2021/01/04 09:28:00,807.0,807.0,807.0,807.0,11.0
4719,2021/01/04 09:29:00,802.95,809.95,800.1,800.1,12.0
4720,2021/01/04 09:40:00,810.0,810.0,810.0,810.0,151.0
4721,2021/01/04 09:41:00,810.0,810.0,810.0,810.0,20.0
4722,2021/01/04 09:42:00,808.05,808.05,808.05,808.05,50.0
4723,2021/01/04 09:49:00,808.1,810.0,808.1,810.0,20.0
4724,2021/01/04 09:52:00,810.0,810.0,810.0,810.0,1.0
4725,2021/01/04 09:56:00,810.0,810.0,810.0,810.0,3.0
4726,2021/01/04 10:02:00,810.0,810.0,810.0,810.0,10.0
4727,2021/01/04 10:06:00,810.0,810.0,810.0,810.0,25.0
4728,2021/01/04 10:14:00,810.0,810.05,810.0,810.0,3.0
4729,2021/01/04 10:23:00,813.35,813.35,813.35,813.35,2.0
4730,2021/01/04 10:25:00,810.0,810.0,810.0,810.0,5.0
4731,2021/01/04 10:28:00,808.0,808.0,808.0,808.0,25.0
4732,2021/01/04 10:29:00,808.0,808.0,808.0,808.0,100.0
4733,2021/01/04 10:36:00,808.0,808.0,808.0,808.0,2.0
4734,2021/01/04 10:39:00,808.0,808.0,808.0,808.0,30.0
4735,2021/01/04 10:41:00,812.0,812.0,812.0,812.0,18.0
4736,2021/01/04 10:49:00,808.0,808.0,808.0,808.0,39.0
4737,2021/01/04 10:57:00,808.0,808.0,808.0,808.0,1.0
4738,2021/01/04 11:05:00,808.0,808.0,808.0,808.0,10.0
4739,2021/01/04 11:06:00,808.0,808.0,808.0,808.0,25.0
4740,2021/01/04 11:09:00,804.1,804.1,804.1,804.1,100.0
4741,2021/01/04 11:12:00,810.0,810.0,810.0,810.0,148.0
4742,2021/01/04 11:28:00,804.2,804.2,804.2,804.2,10.0
4743,2021/01/04 11:34:00,804.25,804.25,804.25,804.25,46.0
4744,2021/01/04 11:35:00,805.95,808.1,805.95,806.95,14.0
4745,2021/01/04 11:46:00,807.85,807.85,807.85,807.85,10.0
4746,2021/01/04 11:47:00,807.85,807.85,807.85,807.85,3.0
4747,2021/01/04 11:50:00,809.95,809.95,809.95,809.95,2.0
4748,2021/01/04 11:51:00,810.0,810.0,810.0,810.0,9.0
4749,2021/01/04 12:19:00,804.35,804.35,804.35,804.35,5.0
4750,2021/01/04 12:29:00,804.3,804.3,804.3,804.3,1.0
4751,2021/01/04 12:31:00,805.95,808.05,805.95,808.05,8.0
4752,2021/01/04 12:37:00,804.2,804.2,804.2,804.2,60.0
4753,2021/01/04 12:38:00,804.2,809.9,804.2,809.9,4.0
4754,2021/01/04 12:48:00,809.2,809.2,809.2,809.2,10.0
4755,2021/01/04 12:52:00,809.2,809.2,809.2,809.2,1.0
4756,2021/01/04 13:12:00,804.25,804.25,804.25,804.25,1.0
4757,2021/01/04 13:38:00,810.0,810.0,810.0,810.0,114.0
4758,2021/01/04 13:46:00,810.0,810.0,810.0,810.0,5.0
4759,2021/01/04 13:57:00,812.0,812.0,812.0,812.0,100.0
4760,2021/01/04 13:58:00,812.0,812.0,812.0,812.0,3.0
4761,2021/01/04 14:04:00,810.0,810.0,810.0,810.0,72.0
4762,2021/01/04 14:18:00,810.0,810.0,810.0,810.0,10.0
4763,2021/01/04 14:24:00,810.7,810.7,810.7,810.7,232.0
4764,2021/01/04 14:26:00,811.0,811.0,811.0,811.0,19.0
4765,2021/01/04 14:29:00,811.0,811.0,811.0,811.0,10.0
4766,2021/01/04 14:32:00,812.0,812.0,812.0,812.0,3.0
4767,2021/01/04 14:33:00,812.05,813.0,812.05,813.0,6.0
4768,2021/01/04 14:37:00,812.05,812.05,812.05,812.05,2.0
4769,2021/01/04 14:38:00,812.0,813.5,812.0,813.5,85.0
4770,2021/01/04 14:39:00,812.75,812.75,811.0,811.0,103.0
4771,2021/01/04 14:40:00,811.0,811.0,811.0,811.0,36.0
4772,2021/01/04 14:45:00,811.0,811.0,811.0,811.0,84.0
4773,2021/01/04 14:47:00,811.0,811.0,811.0,811.0,43.0
4774,2021/01/04 14:57:00,811.0,811.0,811.0,811.0,4.0
4775,2021/01/04 15:07:00,811.0,811.0,811.0,811.0,4.0
4776,2021/01/04 15:11:00,811.0,811.0,811.0,811.0,3.0
4777,2021/01/04 15:13:00,813.0,813.0,813.0,813.0,6.0
4778,2021/01/04 15:14:00,813.0,813.0,813.0,813.0,8.0
4779,2021/01/04 15:20:00,810.0,810.0,810.0,810.0,20.0
4780,2021/01/04 15:23:00,810.0,810.0,810.0,810.0,3.0
4781,2021/01/04 15:26:00,813.8,813.8,813.8,813.8,26.0
4782,2021/01/04 15:27:00,810.05,810.05,810.0,810.0,50.0
4783,2021/01/04 15:28:00,810.0,810.0,810.0,810.0,2.0
4784,2021/01/04 15:29:00,813.4,813.4,813.4,813.4,2.0
4785,2021/01/05 09:07:00,827.5,827.5,827.5,827.5,30.0
4786,2021/01/05 09:15:00,816.0,816.0,816.0,816.0,30.0
4787,2021/01/05 09:16:00,815.0,826.35,803.05,803.05,24.0
4788,2021/01/05 09:18:00,814.95,814.95,814.95,814.95,1.0
4789,2021/01/05 09:19:00,803.0,803.0,802.95,803.0,28.0
4790,2021/01/05 09:25:00,814.95,814.95,814.95,814.95,2.0
4791,2021/01/05 09:29:00,803.25,803.25,800.0,800.0,57.0
4792,2021/01/05 09:42:00,802.4,802.4,802.4,802.4,12.0
4793,2021/01/05 09:47:00,805.0,805.0,805.0,805.0,143.0
4794,2021/01/05 09:52:00,805.0,805.0,805.0,805.0,100.0
4795,2021/01/05 09:59:00,805.4,805.4,805.4,805.4,3.0
4796,2021/01/05 10:02:00,808.45,808.45,808.45,808.45,10.0
4797,2021/01/05 10:08:00,808.45,808.45,808.45,808.45,5.0
4798,2021/01/05 10:14:00,807.45,807.45,805.0,805.0,118.0
4799,2021/01/05 10:26:00,805.0,805.0,805.0,805.0,95.0
4800,2021/01/05 10:38:00,805.0,805.0,805.0,805.0,100.0
4801,2021/01/05 11:00:00,805.0,805.0,805.0,805.0,1.0
4802,2021/01/05 11:10:00,805.0,805.0,805.0,805.0,10.0
4803,2021/01/05 11:32:00,805.5,805.5,805.5,805.5,10.0
4804,2021/01/05 11:38:00,805.5,805.5,805.5,805.5,200.0
4805,2021/01/05 11:51:00,805.0,805.0,805.0,805.0,250.0
4806,2021/01/05 11:53:00,805.0,805.0,805.0,805.0,250.0
4807,2021/01/05 11:54:00,805.0,805.0,805.0,805.0,55.0
4808,2021/01/05 11:58:00,802.0,802.0,802.0,802.0,50.0
4809,2021/01/05 11:59:00,802.0,805.0,802.0,805.0,188.0
4810,2021/01/05 12:00:00,805.0,805.55,805.0,805.55,150.0
4811,2021/01/05 12:02:00,802.0,802.0,802.0,802.0,110.0
4812,2021/01/05 12:03:00,802.0,802.0,802.0,802.0,397.0
4813,2021/01/05 12:04:00,805.0,805.0,805.0,805.0,5.0
4814,2021/01/05 12:05:00,802.0,802.0,802.0,802.0,100.0
4815,2021/01/05 12:09:00,802.0,802.0,802.0,802.0,343.0
4816,2021/01/05 12:11:00,800.0,800.0,800.0,800.0,100.0
4817,2021/01/05 12:12:00,800.0,800.0,799.95,800.0,104.0
4818,2021/01/05 12:14:00,804.0,804.0,804.0,804.0,10.0
4819,2021/01/05 12:18:00,804.0,804.0,804.0,804.0,13.0
4820,2021/01/05 12:23:00,804.0,804.0,804.0,804.0,25.0
4821,2021/01/05 12:38:00,803.5,803.5,803.5,803.5,20.0
4822,2021/01/05 13:12:00,803.0,803.0,803.0,803.0,100.0
4823,2021/01/05 13:15:00,803.0,803.0,803.0,803.0,100.0
4824,2021/01/05 13:19:00,800.0,800.0,800.0,800.0,32.0
4825,2021/01/05 13:23:00,799.0,799.0,799.0,799.0,20.0
4826,2021/01/05 13:24:00,798.0,798.0,798.0,798.0,12.0
4827,2021/01/05 13:28:00,798.05,798.05,798.05,798.05,9.0
4828,2021/01/05 13:30:00,798.5,798.5,798.5,798.5,1.0
4829,2021/01/05 13:31:00,800.0,800.0,800.0,800.0,45.0
4830,2021/01/05 13:32:00,800.0,800.0,800.0,800.0,30.0
4831,2021/01/05 13:33:00,800.0,800.0,800.0,800.0,100.0
4832,2021/01/05 13:38:00,800.0,800.0,800.0,800.0,31.0
4833,2021/01/05 13:44:00,795.0,795.0,795.0,795.0,200.0
4834,2021/01/05 13:48:00,798.0,798.0,798.0,798.0,15.0
4835,2021/01/05 13:55:00,798.0,798.0,798.0,798.0,28.0
4836,2021/01/05 14:05:00,799.9,799.9,799.9,799.9,32.0
4837,2021/01/05 14:14:00,798.0,798.0,798.0,798.0,10.0
4838,2021/01/05 14:15:00,798.0,798.0,798.0,798.0,20.0
4839,2021/01/05 14:16:00,799.35,799.35,799.35,799.35,10.0
4840,2021/01/05 14:25:00,798.95,798.95,798.95,798.95,1.0
4841,2021/01/05 14:30:00,798.0,798.0,798.0,798.0,10.0
4842,2021/01/05 14:32:00,790.0,790.0,790.0,790.0,175.0
4843,2021/01/05 14:35:00,799.5,799.5,799.5,799.5,60.0
4844,2021/01/05 14:39:00,799.35,799.35,799.35,799.35,30.0
4845,2021/01/05 14:41:00,791.35,791.35,791.35,791.35,50.0
4846,2021/01/05 14:43:00,796.7,796.7,796.7,796.7,10.0
4847,2021/01/05 14:44:00,791.85,791.85,791.85,791.85,10.0
4848,2021/01/05 14:45:00,796.6,796.6,796.6,796.6,10.0
4849,2021/01/05 14:47:00,796.6,796.6,796.6,796.6,5.0
4850,2021/01/05 14:53:00,796.6,796.6,796.6,796.6,8.0
4851,2021/01/05 14:56:00,792.0,796.6,792.0,796.6,64.0
4852,2021/01/05 15:00:00,794.55,794.7,793.0,793.1,36.0
4853,2021/01/05 15:01:00,796.7,796.7,796.7,796.7,43.0
4854,2021/01/05 15:02:00,796.0,796.0,796.0,796.0,110.0
4855,2021/01/05 15:03:00,796.7,796.7,793.35,793.35,123.0
4856,2021/01/05 15:05:00,793.4,793.4,790.05,790.05,244.0
4857,2021/01/05 15:10:00,793.4,793.4,793.4,793.4,1.0
4858,2021/01/05 15:15:00,793.4,796.7,793.4,796.7,112.0
4859,2021/01/05 15:16:00,796.7,796.7,796.7,796.7,1.0
4860,2021/01/05 15:17:00,799.5,799.5,799.5,799.5,105.0
4861,2021/01/05 15:19:00,799.35,800.0,799.35,800.0,67.0
4862,2021/01/05 15:21:00,793.05,793.05,793.05,793.05,25.0
4863,2021/01/05 15:23:00,798.85,798.85,798.0,798.0,57.0
4864,2021/01/05 15:24:00,798.0,798.0,798.0,798.0,53.0
4865,2021/01/05 15:25:00,798.9,798.9,798.9,798.9,48.0
4866,2021/01/05 15:26:00,795.0,795.0,795.0,795.0,20.0
4867,2021/01/05 15:27:00,795.05,795.05,795.05,795.05,51.0
4868,2021/01/05 15:28:00,799.45,799.45,793.05,799.4,116.0
4869,2021/01/05 15:29:00,799.5,800.0,799.5,800.0,129.0
4870,2021/01/06 09:07:00,796.25,796.25,796.25,796.25,35.0
4871,2021/01/06 09:15:00,804.95,804.95,804.95,804.95,7.0
4872,2021/01/06 09:17:00,801.0,801.0,801.0,801.0,50.0
4873,2021/01/06 09:22:00,804.9,804.9,804.9,804.9,10.0
4874,2021/01/06 09:23:00,801.0,801.0,801.0,801.0,50.0
4875,2021/01/06 09:25:00,801.0,804.9,801.0,804.9,92.0
4876,2021/01/06 09:27:00,804.95,804.95,804.95,804.95,20.0
4877,2021/01/06 09:28:00,804.95,804.95,804.95,804.95,9.0
4878,2021/01/06 09:32:00,804.95,804.95,801.15,801.15,27.0
4879,2021/01/06 09:40:00,804.9,804.9,804.9,804.9,2.0
4880,2021/01/06 09:42:00,804.9,804.9,804.9,804.9,2.0
4881,2021/01/06 09:43:00,804.95,804.95,804.95,804.95,6.0
4882,2021/01/06 09:44:00,804.95,804.95,804.95,804.95,2.0
4883,2021/01/06 09:47:00,804.95,804.95,804.95,804.95,8.0
4884,2021/01/06 09:50:00,806.95,806.95,806.95,806.95,175.0
4885,2021/01/06 09:57:00,806.95,806.95,806.95,806.95,20.0
4886,2021/01/06 10:07:00,805.1,805.1,805.1,805.1,8.0
4887,2021/01/06 10:08:00,805.55,805.55,805.55,805.55,2.0
4888,2021/01/06 10:10:00,805.55,805.55,805.55,805.55,60.0
4889,2021/01/06 10:12:00,805.7,807.95,805.7,807.95,105.0
4890,2021/01/06 10:13:00,807.95,807.95,805.05,805.05,50.0
4891,2021/01/06 10:23:00,807.9,807.9,807.9,807.9,2.0
4892,2021/01/06 10:26:00,807.9,807.9,807.9,807.9,1.0
4893,2021/01/06 10:31:00,807.9,807.9,807.9,807.9,1.0
4894,2021/01/06 10:33:00,807.95,807.95,807.95,807.95,10.0
4895,2021/01/06 10:34:00,807.95,807.95,807.95,807.95,1.0
4896,2021/01/06 10:38:00,807.95,807.95,807.95,807.95,1.0
4897,2021/01/06 10:40:00,807.95,807.95,807.95,807.95,1.0
4898,2021/01/06 10:42:00,806.95,806.95,805.65,805.65,6.0
4899,2021/01/06 10:43:00,805.7,805.7,805.7,805.7,40.0
4900,2021/01/06 10:46:00,805.7,805.7,805.7,805.7,100.0
4901,2021/01/06 10:48:00,805.15,805.15,805.1,805.1,20.0
4902,2021/01/06 10:58:00,805.25,805.25,805.1,805.1,5.0
4903,2021/01/06 11:00:00,806.0,806.0,806.0,806.0,3.0
4904,2021/01/06 11:14:00,806.45,806.45,806.45,806.45,5.0
4905,2021/01/06 11:18:00,807.35,807.35,807.35,807.35,8.0
4906,2021/01/06 11:20:00,807.9,807.9,807.9,807.9,8.0
4907,2021/01/06 11:22:00,807.95,807.95,807.95,807.95,2.0
4908,2021/01/06 11:31:00,807.0,807.0,806.45,806.45,976.0
4909,2021/01/06 11:33:00,806.45,807.0,802.95,807.0,515.0
4910,2021/01/06 11:34:00,806.95,806.95,806.95,806.95,10.0
4911,2021/01/06 11:38:00,807.0,807.0,807.0,807.0,5.0
4912,2021/01/06 11:42:00,803.5,803.5,803.5,803.5,27.0
4913,2021/01/06 11:44:00,803.0,803.0,803.0,803.0,12.0
4914,2021/01/06 11:45:00,804.0,804.0,804.0,804.0,84.0
4915,2021/01/06 11:56:00,804.0,804.0,804.0,804.0,5.0
4916,2021/01/06 11:57:00,804.0,804.0,804.0,804.0,1.0
4917,2021/01/06 12:02:00,804.0,804.0,804.0,804.0,200.0
4918,2021/01/06 12:03:00,804.0,804.0,804.0,804.0,7.0
4919,2021/01/06 12:16:00,805.0,805.0,805.0,805.0,250.0
4920,2021/01/06 12:19:00,805.0,805.0,805.0,805.0,450.0
4921,2021/01/06 12:40:00,805.0,805.0,805.0,805.0,100.0
4922,2021/01/06 12:52:00,805.0,805.0,805.0,805.0,250.0
4923,2021/01/06 13:01:00,804.05,804.05,804.05,804.05,1.0
4924,2021/01/06 13:12:00,805.0,805.0,805.0,805.0,45.0
4925,2021/01/06 13:21:00,804.05,804.05,804.05,804.05,10.0
4926,2021/01/06 13:38:00,804.0,804.0,804.0,804.0,15.0
4927,2021/01/06 13:43:00,804.0,804.0,804.0,804.0,100.0
4928,2021/01/06 13:44:00,804.0,804.0,804.0,804.0,100.0
4929,2021/01/06 13:49:00,804.0,804.0,804.0,804.0,15.0
4930,2021/01/06 13:58:00,804.0,804.0,802.95,802.95,14.0
4931,2021/01/06 13:59:00,802.0,802.0,802.0,802.0,1.0
4932,2021/01/06 14:08:00,802.0,802.8,800.7,800.7,14.0
4933,2021/01/06 14:19:00,800.6,800.6,800.6,800.6,40.0
4934,2021/01/06 14:20:00,784.95,800.55,784.95,795.9,297.0
4935,2021/01/06 14:43:00,790.2,790.2,790.2,790.2,1.0
4936,2021/01/06 14:58:00,799.85,799.85,799.85,799.85,1.0
4937,2021/01/06 15:08:00,799.4,799.4,799.4,799.4,1.0
4938,2021/01/06 15:17:00,799.0,799.0,799.0,799.0,7.0
4939,2021/01/06 15:21:00,788.0,788.0,788.0,788.0,25.0
4940,2021/01/06 15:24:00,800.6,800.6,800.6,800.6,10.0
4941,2021/01/06 15:26:00,788.0,788.0,788.0,788.0,64.0
4942,2021/01/06 15:27:00,788.0,788.0,788.0,788.0,4.0
4943,2021/01/06 15:28:00,788.0,800.0,788.0,800.0,7.0
4944,2021/01/06 15:29:00,788.0,788.0,788.0,788.0,5.0
4945,2021/01/07 09:24:00,805.95,805.95,803.95,805.9,120.0
4946,2021/01/07 09:26:00,796.05,796.05,796.05,796.05,26.0
4947,2021/01/07 09:29:00,803.0,803.0,798.95,801.05,30.0
4948,2021/01/07 09:30:00,798.95,802.05,798.95,802.05,12.0
4949,2021/01/07 09:35:00,803.7,805.45,803.7,805.45,11.0
4950,2021/01/07 09:46:00,806.0,806.0,806.0,806.0,180.0
4951,2021/01/07 09:47:00,806.0,806.0,806.0,806.0,100.0
4952,2021/01/07 09:48:00,806.0,806.0,806.0,806.0,53.0
4953,2021/01/07 09:52:00,806.0,806.0,806.0,806.0,17.0
4954,2021/01/07 09:56:00,806.0,806.0,806.0,806.0,1.0
4955,2021/01/07 10:02:00,806.05,806.05,806.05,806.05,2.0
4956,2021/01/07 10:03:00,806.95,806.95,806.95,806.95,24.0
4957,2021/01/07 10:05:00,806.95,806.95,806.95,806.95,1.0
4958,2021/01/07 10:08:00,806.95,806.95,806.95,806.95,12.0
4959,2021/01/07 10:10:00,803.65,803.65,803.65,803.65,10.0
4960,2021/01/07 10:13:00,808.0,808.95,808.0,808.95,347.0
4961,2021/01/07 10:14:00,809.95,809.95,802.0,804.1,62.0
4962,2021/01/07 10:20:00,805.3,805.3,805.3,805.3,6.0
4963,2021/01/07 10:23:00,802.4,802.4,802.4,802.4,9.0
4964,2021/01/07 10:26:00,802.05,802.05,802.05,802.05,1.0
4965,2021/01/07 10:31:00,802.0,802.0,802.0,802.0,100.0
4966,2021/01/07 10:34:00,810.0,810.0,810.0,810.0,194.0
4967,2021/01/07 10:36:00,803.45,803.45,803.45,803.45,43.0
4968,2021/01/07 10:37:00,803.45,803.45,803.45,803.45,1.0
4969,2021/01/07 10:38:00,803.45,803.45,803.45,803.45,1.0
4970,2021/01/07 10:40:00,804.0,804.0,804.0,804.0,3.0
4971,2021/01/07 10:47:00,808.45,810.0,808.45,810.0,91.0
4972,2021/01/07 10:50:00,805.0,805.0,805.0,805.0,12.0
4973,2021/01/07 11:03:00,809.0,809.0,809.0,809.0,28.0
4974,2021/01/07 11:04:00,810.85,810.85,810.85,810.85,2.0
4975,2021/01/07 11:07:00,810.7,810.7,810.7,810.7,6.0
4976,2021/01/07 11:10:00,812.0,812.0,812.0,812.0,283.0
4977,2021/01/07 11:11:00,815.0,815.95,811.95,811.95,448.0
4978,2021/01/07 11:12:00,815.0,815.0,815.0,815.0,22.0
4979,2021/01/07 11:15:00,811.65,811.65,811.55,811.55,82.0
4980,2021/01/07 11:24:00,814.55,814.55,814.55,814.55,1.0
4981,2021/01/07 11:37:00,810.0,810.0,810.0,810.0,79.0
4982,2021/01/07 11:38:00,806.3,806.3,806.3,806.3,1.0
4983,2021/01/07 11:43:00,810.0,810.0,810.0,810.0,13.0
4984,2021/01/07 11:53:00,810.0,810.0,810.0,810.0,745.0
4985,2021/01/07 12:00:00,807.7,814.45,807.7,814.45,12.0
4986,2021/01/07 12:18:00,808.55,808.55,808.55,808.55,50.0
4987,2021/01/07 12:20:00,813.95,814.0,813.95,814.0,75.0
4988,2021/01/07 12:25:00,808.6,815.0,808.6,815.0,248.0
4989,2021/01/07 12:27:00,807.2,807.2,807.2,807.2,18.0
4990,2021/01/07 12:33:00,814.85,814.85,809.9,809.9,6.0
4991,2021/01/07 12:41:00,814.75,814.75,814.75,814.75,1.0
4992,2021/01/07 12:46:00,814.2,814.2,814.2,814.2,1.0
4993,2021/01/07 12:50:00,813.95,813.95,813.95,813.95,1.0
4994,2021/01/07 13:02:00,809.6,809.6,809.6,809.6,25.0
4995,2021/01/07 13:03:00,807.15,807.15,807.15,807.15,380.0
4996,2021/01/07 13:04:00,813.85,813.85,813.85,813.85,1.0
4997,2021/01/07 13:07:00,810.0,810.0,810.0,810.0,1.0
4998,2021/01/07 13:08:00,809.0,809.0,809.0,809.0,20.0
4999,2021/01/07 13:13:00,810.0,810.0,810.0,810.0,312.0
